559
51 37 0 0 0 0
17 97 27 2 506 666
80 62 27 1 221 284
68 79 20 6 206 436
9 80 10 2 445 597
87 92 24 6 422 555
20 54 12 1 454 571
6 93 16 3 508 706
34 14 14 2 200 442
36 18 28 2 364 500
14 37 11 5 392 509
16 81 24 6 639 758
69 54 7 5 583 661
74 10 21 5 367 650
2 25 30 5 243 496
40 16 14 4 320 493
10 16 11 6 213 392
70 64 24 5 254 457
57 87 28 2 586 792
1 89 22 2 607 735
69 99 13 5 375 670
33 20 5 4 208 447
82 53 13 2 509 751
2 100 14 6 206 282
32 80 5 5 463 599
61 44 26 1 498 736
44 62 28 6 251 415
21 33 24 7 239 476
82 78 26 2 555 655
88 18 17 6 440 671
29 25 17 2 483 646
41 30 18 1 206 278
35 72 16 5 278 350
49 13 9 1 394 661
95 59 22 2 564 647
28 81 22 5 345 620
95 62 6 5 393 502
9 51 16 3 552 694
76 67 19 6 453 675
70 33 6 3 348 573
98 96 30 1 477 542
37 22 18 6 394 463
42 60 25 6 234 437
90 23 7 6 380 634
88 19 19 1 452 622
84 83 13 7 323 566
81 99 16 1 215 361
77 58 12 5 290 453
94 33 20 1 377 624
50 58 28 1 329 610
47 88 30 3 587 695
76 13 20 6 315 433
48 21 22 7 237 495
69 71 6 6 328 595
66 89 23 3 301 579
91 39 7 3 357 644
64 39 12 7 300 389
15 34 10 7 445 505
48 38 13 2 484 656
94 83 19 1 236 335
73 22 29 2 446 642
25 0 9 1 287 377
34 9 6 4 516 732
34 69 6 7 447 588
8 28 27 4 346 483
97 65 26 4 341 403
32 75 9 6 322 548
7 17 13 2 529 785
6 55 16 3 525 666
85 82 24 5 364 430
77 4 13 5 202 439
46 88 16 2 579 647
92 6 11 2 278 375
83 79 17 6 421 510
15 80 26 1 455 515
10 63 6 1 539 793
64 2 26 3 308 439
17 53 30 1 585 790
57 79 5 3 464 607
42 50 7 3 245 465
12 99 24 5 296 405
49 67 10 3 212 373
100 47 25 7 331 597
59 72 20 7 377 497
83 81 25 1 285 475
80 6 13 3 247 539
46 14 5 1 435 603
72 33 5 5 549 696
70 100 21 1 295 554
31 37 11 7 379 623
94 70 19 7 318 499
88 56 13 7 411 672
81 87 30 5 543 701
30 84 23 6 202 291
33 65 8 4 679 759
63 0 14 6 717 787
43 78 24 2 431 627
87 75 5 1 416 512
62 32 16 3 430 659
8 63 8 3 486 759
54 53 24 4 358 547
23 76 19 2 389 669
96 63 14 1 356 640
13 23 30 7 429 570
96 0 5 4 417 617
71 94 15 2 320 497
61 60 5 1 356 633
3 27 25 3 487 759
100 12 25 5 238 345
100 60 14 4 281 510
69 63 20 6 337 550
67 81 27 6 223 334
80 29 16 3 354 440
26 12 23 1 557 760
75 74 22 6 339 550
67 50 18 7 394 689
75 50 9 7 251 397
74 97 8 5 569 730
13 84 22 4 519 657
2 75 25 1 401 606
71 89 23 5 582 758
69 83 22 5 418 526
14 1 15 6 641 719
19 91 10 6 573 640
28 68 27 1 321 551
98 18 24 7 653 778
21 90 29 6 613 759
48 98 15 1 430 614
38 49 27 1 206 475
71 79 26 4 478 550
60 50 5 4 236 455
50 2 20 7 321 476
85 25 28 4 597 701
63 92 18 3 296 526
36 19 21 2 615 713
54 1 5 3 253 497
96 50 18 5 251 496
11 50 14 4 435 498
52 72 8 7 317 390
1 77 29 7 612 728
77 75 10 7 396 531
39 70 5 4 514 700
34 16 16 3 452 725
82 59 22 2 372 569
20 52 26 2 632 734
31 40 8 5 595 762
1 58 5 3 381 628
35 89 30 5 635 700
34 27 10 3 274 502
20 19 9 5 622 779
71 86 21 4 265 339
72 3 15 2 488 630
50 61 12 2 234 444
14 85 20 5 694 792
35 60 23 7 423 706
44 21 13 5 359 524
32 76 23 6 477 662
1 15 12 2 203 284
16 28 13 4 382 507
29 61 5 2 248 338
89 53 30 2 237 450
72 21 17 3 260 511
53 16 8 7 277 346
97 78 10 5 431 529
95 52 21 4 352 517
18 87 28 6 360 529
6 14 6 2 237 305
95 28 28 4 262 410
0 97 17 6 567 712
56 4 19 7 402 622
84 29 29 5 322 463
27 64 6 1 255 527
50 9 19 1 291 426
24 5 17 2 672 762
34 32 22 5 203 378
70 3 8 2 257 418
33 75 5 4 232 357
24 32 13 7 428 632
54 58 21 5 295 420
23 43 21 2 274 398
47 53 13 5 284 388
42 95 17 2 204 454
93 88 28 2 211 401
22 78 23 4 220 361
47 50 15 7 618 680
6 57 18 2 246 376
0 64 27 3 644 714
14 42 9 1 437 627
73 46 26 2 399 603
99 77 19 6 251 446
15 30 8 2 452 723
14 38 29 2 307 556
89 44 6 5 201 310
38 67 27 3 620 680
88 6 29 1 395 612
56 81 24 6 682 769
69 85 12 1 375 437
67 4 16 4 547 739
60 58 20 2 370 596
27 27 25 7 668 731
35 20 5 6 535 763
33 37 5 3 677 764
34 46 22 3 250 377
2 31 27 2 241 402
60 13 12 5 656 735
4 44 24 3 624 786
36 68 17 2 397 570
44 9 19 2 242 403
68 5 17 1 320 412
51 73 28 5 216 292
98 67 8 6 647 800
18 13 20 7 639 728
72 57 12 2 518 766
2 11 18 4 406 623
55 95 23 1 205 446
2 93 15 6 417 622
2 95 25 6 667 779
59 75 16 1 541 756
92 73 9 4 669 732
33 0 19 3 660 785
96 36 21 7 402 589
3 81 19 3 337 549
21 83 16 4 695 756
18 44 9 6 368 556
49 5 26 3 468 557
70 85 30 6 277 544
89 11 23 6 302 478
93 31 8 5 506 724
44 94 7 3 470 607
83 41 26 5 387 479
84 98 7 3 496 745
3 74 14 4 236 482
55 89 8 2 400 496
37 12 22 1 474 582
26 28 14 4 311 571
5 95 24 3 453 654
67 37 13 6 456 717
58 29 7 4 698 791
41 16 26 4 249 493
26 82 26 1 531 715
73 3 20 5 292 407
88 82 19 2 264 479
80 18 27 3 315 482
53 32 6 6 450 515
36 78 11 4 507 655
15 51 14 7 253 352
59 62 6 2 507 772
33 68 19 1 322 490
46 81 13 1 242 456
18 32 27 2 416 610
99 63 22 1 551 791
60 29 24 1 317 598
90 45 17 2 200 500
42 90 13 5 243 455
3 5 8 5 438 582
16 16 18 4 290 463
85 49 10 3 617 700
91 38 29 6 233 366
29 10 10 7 563 671
59 40 6 5 388 537
32 29 24 1 687 791
4 49 29 3 210 509
51 63 9 5 223 481
27 39 16 7 426 621
42 59 8 7 288 480
6 22 14 4 260 386
41 78 12 5 411 652
48 33 11 1 401 523
32 90 8 4 608 670
84 27 16 4 244 363
55 19 25 4 420 637
87 91 24 4 251 383
72 94 26 4 315 560
59 97 5 6 248 382
71 44 10 1 315 510
20 26 11 6 548 757
5 58 5 4 399 635
44 30 27 5 392 479
77 20 20 1 228 399
4 95 8 5 475 617
19 93 26 1 679 758
25 85 11 4 305 578
73 64 26 6 576 653
94 49 5 7 359 492
55 24 17 2 541 664
25 65 15 6 269 413
38 31 11 7 395 492
79 22 11 3 629 744
86 0 16 3 326 605
90 7 16 6 572 728
92 91 24 5 542 718
8 26 22 3 278 533
99 52 15 5 367 456
92 96 15 7 594 664
22 73 24 7 521 589
48 100 16 5 643 720
65 50 19 4 225 314
24 74 28 6 503 768
15 53 23 1 413 564
34 89 19 1 607 769
18 51 29 4 511 647
98 28 30 7 468 702
95 92 8 6 280 376
21 4 17 7 451 617
37 100 20 1 536 638
44 59 7 1 365 622
99 88 13 2 635 711
83 96 25 3 244 312
75 73 23 6 279 357
75 83 8 7 457 540
78 87 26 6 252 500
29 36 11 1 547 744
30 0 17 3 243 352
5 25 21 6 290 466
7 4 9 4 333 551
41 41 13 6 376 600
10 60 14 7 295 577
83 75 17 7 445 722
26 85 16 7 451 566
49 65 22 2 294 376
23 10 26 6 484 600
4 55 6 1 545 750
61 80 23 4 396 633
32 53 30 7 286 386
76 1 26 7 224 394
8 9 23 1 608 742
23 45 20 4 439 545
67 1 5 3 300 547
60 10 7 4 513 651
53 57 10 4 389 644
17 10 7 3 549 732
3 52 28 3 267 515
34 71 10 1 421 699
13 12 12 3 463 721
6 96 6 2 428 584
46 76 27 6 364 606
35 82 15 5 592 785
6 6 19 3 462 755
14 74 11 6 248 312
51 100 6 3 205 318
74 6 23 1 236 424
47 25 30 1 341 454
84 40 9 5 323 523
73 54 18 4 487 655
42 51 22 6 397 666
22 74 13 2 461 598
54 32 24 3 407 693
7 60 17 4 534 690
77 39 10 7 221 402
47 17 21 3 477 631
42 16 30 3 561 769
66 92 11 2 220 280
22 5 9 3 325 552
98 12 13 2 497 689
1 100 10 4 539 731
92 88 27 7 424 521
24 54 24 6 268 329
87 2 20 7 658 739
73 21 6 1 362 439
37 1 8 4 331 557
8 32 13 7 528 705
87 48 11 1 560 654
80 2 14 3 357 563
47 40 18 3 397 528
42 38 26 2 551 730
90 84 11 4 389 593
48 89 29 7 415 690
13 67 26 2 434 590
80 79 25 5 557 788
46 23 7 3 386 574
29 1 22 4 463 730
91 60 27 1 711 786
33 29 26 3 434 512
2 27 25 5 547 746
58 85 16 6 318 584
18 49 5 5 282 438
85 70 17 2 311 503
44 63 15 1 242 482
12 9 16 1 265 516
43 99 7 5 347 535
42 92 29 6 454 658
35 39 18 4 477 669
59 80 15 3 665 751
41 95 28 5 254 477
30 55 9 4 217 491
55 33 23 3 220 499
84 32 23 5 592 676
83 50 28 3 235 345
32 7 22 6 432 694
9 67 13 1 381 605
12 81 6 1 449 549
43 80 23 2 288 457
2 92 20 3 411 583
28 5 16 4 296 356
29 55 5 4 444 667
38 99 5 6 578 777
24 38 25 1 245 500
22 87 23 2 367 490
62 80 8 6 552 748
91 30 22 1 391 688
89 41 5 1 575 754
88 46 6 3 524 752
92 57 6 1 244 374
11 1 11 2 325 403
4 5 7 1 500 714
61 98 12 6 389 681
78 54 30 3 452 665
86 52 19 3 507 707
62 28 16 5 339 495
81 79 10 6 452 519
67 78 10 5 299 516
62 83 10 2 283 350
38 91 23 7 240 315
99 94 5 4 604 713
83 2 28 4 396 658
41 15 24 3 331 497
61 34 28 2 265 557
80 91 20 2 480 691
8 7 27 1 294 585
28 41 6 1 248 412
33 43 23 6 370 606
77 72 28 4 484 759
5 85 23 1 302 425
56 48 11 2 353 540
29 40 24 1 349 612
67 0 30 5 231 326
18 50 18 6 346 474
70 90 22 6 567 681
37 91 26 1 336 584
29 0 20 2 491 595
9 64 14 7 516 800
16 73 11 3 461 686
3 23 22 2 276 347
76 7 14 4 497 606
16 99 10 1 667 796
51 42 15 7 246 528
74 79 9 3 297 372
53 56 30 4 475 655
33 28 20 4 670 800
77 53 23 5 662 776
89 23 12 2 596 793
4 42 12 1 278 506
88 42 24 1 502 800
34 79 21 5 238 505
7 29 19 4 382 564
55 20 5 4 456 668
85 88 10 2 223 396
11 95 25 2 503 642
57 28 10 7 227 334
39 24 5 3 467 614
17 40 16 5 532 675
3 43 27 7 380 588
68 27 26 3 314 439
17 76 29 1 517 591
50 18 7 4 298 511
51 19 24 5 565 770
31 87 13 4 428 678
14 47 10 1 444 546
69 62 6 3 485 593
29 16 30 1 250 407
80 73 14 5 554 687
30 11 9 7 604 701
43 20 25 4 246 326
64 8 17 4 390 484
83 16 22 6 444 557
96 37 8 4 293 392
22 0 26 4 505 665
42 47 13 1 374 525
28 18 30 3 368 654
39 22 8 5 208 422
87 99 6 3 201 415
59 33 27 7 625 764
64 66 27 6 381 568
61 83 23 3 539 605
90 27 17 6 621 695
63 16 19 4 566 654
98 95 18 5 312 461
56 66 13 5 492 704
84 84 9 6 617 710
88 1 30 6 432 704
92 37 5 3 223 342
80 30 29 2 638 757
83 71 20 1 431 634
10 12 27 6 286 393
53 82 12 5 433 523
68 69 10 5 531 676
20 66 28 4 342 620
96 64 26 6 294 548
48 71 13 2 637 741
80 93 21 7 396 535
11 31 6 5 308 603
39 49 21 2 286 467
12 19 14 5 363 633
69 80 27 6 535 666
15 42 15 5 443 515
32 78 23 5 523 787
10 44 19 5 487 749
18 98 12 4 335 538
27 40 10 2 436 621
79 69 12 6 656 716
85 24 30 5 309 447
6 41 21 1 616 737
48 24 14 5 306 504
90 52 29 1 656 755
52 78 29 5 498 767
67 74 8 1 543 779
9 7 23 2 485 737
23 71 17 5 420 693
21 73 22 6 531 742
32 72 11 6 253 365
37 41 23 1 394 672
39 5 17 4 391 514
20 9 7 1 478 739
59 43 20 2 444 577
64 19 23 3 333 495
65 42 11 4 378 569
70 47 15 5 555 627
46 97 8 4 355 463
91 48 18 5 659 763
37 23 30 3 522 711
2 53 20 3 339 577
11 73 12 5 363 424
62 38 20 1 437 579
8 4 24 3 445 658
95 87 9 2 429 567
42 14 15 2 597 749
49 39 8 3 638 766
100 18 28 6 333 434
97 21 27 5 577 708
72 87 13 1 223 474
92 30 22 1 351 515
5 89 12 3 200 369
92 36 27 5 526 772
50 26 22 7 492 663
0 56 12 2 509 722
100 9 19 1 284 470
4 7 5 6 666 800
27 95 10 2 493 572
84 60 12 3 294 390
78 74 17 1 205 353
43 31 25 7 398 567
1 82 11 1 345 429
32 25 21 5 401 600
23 5 28 5 513 657
69 75 20 7 443 572
74 85 12 4 328 616
1 71 10 4 470 718
79 15 23 3 340 627
42 94 21 6 520 690
70 36 7 7 308 374
39 99 23 3 375 623
68 25 17 2 517 729
56 45 26 5 201 355
95 21 18 4 290 435
22 90 11 7 503 735
95 74 14 7 347 419
7 80 29 3 369 515
39 91 29 3 424 626
63 95 23 1 239 343
