883
86 18 0 0 0 0
9 52 23 2 662 797
80 68 5 6 590 662
86 15 13 3 264 517
17 75 12 6 290 575
1 49 7 3 643 707
58 96 18 7 525 770
60 50 18 7 265 504
17 17 12 7 301 592
65 68 16 6 308 505
33 24 14 1 214 306
73 62 7 3 722 794
41 20 26 5 523 611
67 94 29 2 523 626
66 90 19 6 347 441
33 29 26 5 342 611
99 82 26 2 392 683
52 70 29 7 414 561
33 9 9 3 313 406
26 86 25 2 512 791
71 18 22 7 420 645
68 46 25 7 232 453
25 37 14 4 575 749
30 16 17 4 269 459
46 10 8 1 504 726
79 79 18 5 270 377
68 2 19 6 559 637
90 59 11 5 475 586
38 100 23 1 373 607
74 54 6 2 523 731
4 51 29 7 357 552
16 32 20 2 422 701
41 67 27 2 553 796
16 78 12 7 254 373
66 86 28 2 567 769
26 72 21 2 240 477
53 4 7 7 381 493
69 15 19 4 358 462
92 87 12 2 626 763
27 83 29 1 493 631
76 87 9 3 354 629
80 65 24 5 266 451
10 68 16 1 305 572
24 10 27 1 503 769
81 16 12 6 336 479
44 28 8 5 475 707
36 59 8 4 304 411
90 51 30 6 653 799
58 82 12 1 644 736
86 98 28 6 655 789
13 61 14 6 277 542
53 42 26 6 443 560
39 60 30 1 346 513
68 88 17 5 289 376
54 75 15 2 470 594
67 10 20 6 372 560
65 56 8 6 308 608
32 63 26 6 456 553
78 49 21 6 569 784
41 94 23 6 430 667
53 82 5 5 255 511
12 57 26 3 588 799
28 68 16 6 325 421
33 16 21 5 241 356
74 79 10 7 613 777
57 73 12 4 563 644
3 66 24 5 624 799
79 92 29 3 551 651
49 31 27 2 328 507
28 28 24 1 412 530
57 10 6 5 531 698
6 0 11 2 637 741
90 85 5 3 381 527
44 39 6 4 593 726
6 95 12 6 344 405
61 63 21 7 514 743
89 2 10 3 498 741
4 16 11 2 298 377
48 15 15 5 682 779
26 30 5 1 622 711
62 44 26 1 633 711
89 34 6 3 482 673
22 23 14 5 591 738
30 98 26 1 378 531
30 50 8 1 374 528
80 93 16 6 575 638
69 16 25 6 202 419
76 95 22 2 386 617
17 94 13 2 327 605
84 84 30 1 664 732
39 59 16 6 552 760
48 88 19 5 336 447
19 65 22 1 579 698
48 69 22 5 526 635
57 79 28 4 514 784
1 73 24 5 439 699
53 71 6 1 424 716
80 72 16 1 230 367
7 31 18 4 213 494
54 13 23 7 242 539
91 46 30 3 429 635
94 21 21 6 599 775
41 62 27 1 533 690
52 0 6 4 213 404
15 33 30 7 532 648
56 31 28 1 367 511
51 43 15 3 267 503
76 20 18 2 487 676
67 6 21 4 350 467
75 60 25 2 404 702
99 70 17 3 338 613
17 60 24 7 214 477
4 21 27 5 428 572
56 60 18 6 516 652
2 15 10 4 307 421
84 27 23 7 529 593
26 58 8 5 394 626
71 49 5 3 490 578
52 67 8 3 349 568
12 96 24 4 302 582
13 12 16 4 322 489
37 66 16 6 283 443
58 43 11 1 205 498
28 76 23 3 370 608
57 4 24 1 258 347
39 36 11 5 552 618
26 50 20 7 691 775
91 86 12 3 648 711
46 7 27 3 301 582
60 38 19 3 253 372
19 94 16 6 214 385
19 25 14 4 557 627
22 47 9 3 262 547
16 25 16 5 445 547
70 83 5 7 426 524
55 22 14 5 473 562
75 42 18 2 251 517
50 3 12 7 537 687
63 92 23 7 216 476
22 66 28 5 244 423
67 18 24 5 318 504
48 55 5 1 548 695
100 81 11 7 337 398
90 96 11 3 447 530
82 96 21 2 212 333
19 11 29 5 294 385
93 82 6 2 201 283
58 63 29 3 673 796
10 29 8 5 426 609
44 64 9 2 469 699
4 40 16 2 373 566
85 59 12 2 487 691
34 61 16 3 238 432
24 5 13 5 553 792
44 53 16 7 425 550
84 39 22 3 262 399
2 43 9 3 670 749
17 1 23 7 546 645
17 44 11 2 328 614
94 4 5 7 347 644
43 42 8 7 455 742
5 88 11 1 290 587
89 8 5 4 354 550
22 9 9 7 631 698
99 59 28 1 319 601
37 79 15 6 560 653
37 84 12 3 271 439
72 45 26 2 523 636
21 92 10 3 208 423
66 52 12 6 401 617
23 25 13 2 529 671
19 8 24 3 480 612
51 62 25 6 274 471
14 100 6 1 324 451
2 40 15 4 511 719
85 30 7 7 549 657
51 40 5 1 662 738
34 57 29 1 560 657
34 32 25 2 396 473
61 62 22 4 420 494
80 51 21 7 364 545
39 57 22 7 543 749
63 87 5 6 214 274
2 34 26 1 231 431
83 0 10 3 561 718
86 77 23 3 407 478
86 30 26 2 312 540
31 54 5 4 580 719
21 100 26 1 380 475
26 24 28 3 486 582
9 94 12 7 430 546
43 46 15 6 529 621
63 82 19 3 380 612
53 22 11 7 407 668
92 89 21 7 531 798
27 46 29 6 531 785
97 17 26 6 429 525
98 11 12 1 532 688
40 22 5 5 310 499
75 96 19 4 224 293
84 57 29 6 251 341
13 70 23 1 432 520
91 15 10 5 205 300
22 91 13 6 427 644
60 7 15 3 594 790
45 55 13 5 348 527
92 2 6 4 320 438
46 51 25 7 448 542
78 80 17 5 482 552
9 21 24 5 635 742
42 2 11 3 388 579
90 83 24 3 533 641
16 81 20 1 412 690
38 38 30 6 214 344
13 73 12 1 453 718
6 22 10 5 463 543
34 38 5 4 207 307
26 99 21 7 608 711
33 79 26 7 446 563
66 40 7 5 520 618
17 72 22 1 202 465
85 63 21 2 583 700
19 31 30 5 219 367
79 11 18 2 691 787
1 82 15 7 517 586
41 63 22 5 364 601
7 41 8 1 217 409
83 78 30 2 225 302
5 10 7 7 692 798
100 19 28 6 452 515
0 86 13 1 220 427
14 1 13 6 437 653
48 73 25 4 222 365
45 17 13 2 441 738
43 9 21 6 603 682
13 16 21 4 653 750
30 53 25 1 484 732
52 81 13 6 481 717
74 69 12 2 673 766
68 79 14 5 715 785
15 55 15 2 402 601
91 50 18 4 360 604
20 5 27 5 532 677
74 93 11 6 235 427
4 61 8 1 257 437
76 94 29 6 356 629
85 53 26 5 311 485
56 67 6 3 423 617
36 80 9 1 438 529
16 34 11 4 572 690
57 83 25 6 286 516
97 60 15 4 668 743
94 90 30 5 283 481
45 32 6 2 313 569
85 80 17 1 395 460
11 71 29 2 579 687
35 5 19 1 479 630
30 20 13 6 390 601
54 67 15 1 568 661
3 6 7 6 314 573
6 78 8 1 241 418
42 61 5 5 233 419
98 51 12 3 377 515
20 31 24 3 257 524
25 72 9 1 459 604
62 91 10 5 672 800
69 39 6 7 467 591
15 65 20 2 208 464
65 46 21 5 246 531
3 96 18 2 316 597
96 46 30 5 258 410
21 77 5 1 437 665
99 20 28 2 600 765
92 73 16 2 445 681
23 27 28 5 242 359
67 91 10 5 216 348
89 77 20 7 535 713
8 75 14 5 208 405
26 80 19 7 671 772
62 13 26 7 315 558
91 22 21 7 392 505
69 58 19 1 501 625
9 97 20 7 294 501
11 100 13 1 482 751
89 73 10 1 290 551
57 19 26 3 238 330
14 60 21 1 652 725
41 32 7 2 427 594
90 5 29 4 312 434
67 86 18 2 206 272
27 35 12 1 676 753
31 1 11 7 568 661
58 51 10 7 526 589
33 42 7 1 552 750
30 32 27 1 238 390
31 97 5 1 266 495
48 91 7 3 345 453
75 1 17 2 501 697
22 38 30 4 385 634
36 57 26 3 417 597
37 4 11 4 263 545
13 85 19 1 280 450
33 61 10 1 206 456
67 19 13 2 632 785
27 36 28 1 530 710
92 6 19 3 395 505
78 94 28 5 423 520
88 29 15 1 504 794
51 47 28 4 221 424
13 28 30 6 301 515
45 6 25 6 645 784
19 20 9 2 478 551
75 5 6 3 356 468
61 71 28 6 370 469
94 77 12 3 571 662
75 19 21 5 681 748
51 26 9 5 509 703
32 88 18 3 512 620
70 78 9 6 272 568
65 19 29 1 217 515
32 81 26 1 470 544
9 70 8 5 363 663
59 68 5 1 321 528
87 63 10 7 323 461
72 25 30 6 563 745
91 91 13 2 530 798
18 63 28 1 401 701
89 58 30 7 450 654
54 66 26 1 542 779
28 78 14 5 530 746
18 35 29 6 558 626
82 1 13 1 264 414
22 25 5 6 494 749
36 90 5 3 362 559
52 7 10 6 243 409
28 91 20 7 374 470
78 84 18 7 421 683
57 71 7 1 454 740
51 76 18 6 521 629
75 8 30 4 300 415
21 60 8 1 358 524
14 30 8 7 564 785
8 96 14 4 338 627
26 3 29 1 200 497
1 44 13 7 599 694
73 31 15 5 401 474
57 90 15 6 309 449
12 46 6 2 302 577
97 46 30 1 276 567
60 49 6 2 271 544
59 52 21 1 387 560
77 21 17 3 309 369
41 76 19 2 666 784
48 82 6 4 306 580
91 54 15 3 265 356
36 95 26 2 270 539
39 9 27 6 342 432
66 76 9 4 483 755
77 33 13 7 379 608
15 51 14 1 499 787
81 74 26 1 654 762
81 72 22 7 203 335
82 41 6 1 515 621
47 81 15 4 608 705
5 44 21 5 362 552
77 65 22 1 339 402
34 41 10 1 479 597
61 31 18 2 304 469
54 77 30 6 565 757
18 56 16 3 462 667
0 92 10 2 588 692
45 87 29 3 404 504
52 29 22 4 544 739
96 62 21 7 364 625
92 10 28 2 443 586
45 56 21 5 392 508
1 41 14 3 496 584
74 85 18 7 488 720
79 15 16 3 276 380
95 24 14 1 306 474
0 19 30 3 419 494
83 86 27 1 248 385
60 69 12 6 675 746
59 47 20 4 306 410
17 58 8 4 502 730
49 9 9 1 324 596
36 2 30 7 356 593
89 17 6 2 440 552
0 10 25 4 264 406
7 58 24 7 436 498
64 9 27 3 606 723
94 26 24 7 282 542
32 25 22 7 289 559
63 17 27 4 304 404
78 16 9 5 325 484
63 11 17 6 341 539
10 84 8 6 569 647
6 5 9 2 247 471
49 35 24 5 219 461
13 21 25 5 290 369
58 27 24 6 372 621
76 49 28 6 482 550
59 78 7 2 417 683
30 61 11 6 217 371
41 78 10 7 386 568
88 85 9 6 526 606
69 19 12 6 576 771
64 67 8 5 201 375
76 30 27 2 343 541
57 57 30 6 490 647
86 95 26 4 244 321
70 77 12 6 346 575
4 55 20 7 263 422
86 43 11 3 349 519
67 74 10 3 508 607
50 79 19 5 627 729
66 73 27 5 562 706
38 80 11 6 368 645
94 73 25 3 464 764
76 81 8 1 481 615
73 74 27 2 393 585
100 15 6 7 323 486
52 71 19 2 233 386
39 21 14 4 538 655
80 89 29 6 222 394
24 43 5 7 209 340
30 85 6 6 386 526
76 43 23 5 638 761
96 50 26 6 303 509
81 2 12 5 476 625
7 60 28 7 345 504
56 30 7 2 443 658
95 95 9 3 420 701
59 35 14 7 466 758
39 3 17 1 499 733
51 57 19 1 209 330
42 30 11 1 496 644
3 33 25 1 507 625
10 1 21 7 626 695
46 92 11 6 509 684
14 3 16 3 290 464
69 29 10 3 624 693
95 53 9 2 572 683
79 46 8 4 218 407
31 32 19 3 212 395
39 85 14 7 453 676
8 2 18 5 587 736
8 16 14 4 652 716
27 77 30 5 395 577
81 0 23 6 379 517
83 81 25 2 600 710
43 72 10 1 693 763
5 46 23 2 532 655
6 45 16 5 349 536
93 19 5 6 486 627
7 62 25 3 305 598
84 51 19 2 462 762
89 75 18 6 355 542
37 86 18 7 336 534
96 20 6 4 587 672
8 9 9 4 263 363
4 63 21 2 469 652
15 45 6 4 268 378
96 33 15 6 406 529
2 88 15 6 522 593
35 18 18 2 262 388
33 86 12 5 543 697
11 90 20 3 498 747
15 90 23 7 228 461
84 73 27 6 584 696
50 58 13 6 463 737
72 58 5 3 495 622
83 22 17 2 573 681
66 7 24 7 402 617
11 25 20 7 477 538
29 57 27 7 465 532
32 32 30 3 388 644
99 49 7 4 560 661
79 57 18 2 454 629
99 78 26 3 374 654
1 38 18 4 541 605
38 50 12 6 382 593
97 30 16 1 344 629
66 60 11 2 400 508
39 42 17 1 360 553
46 81 19 7 256 547
10 14 16 3 459 727
3 78 18 2 203 352
71 96 5 3 370 504
23 17 11 2 530 694
84 14 11 2 334 533
33 85 29 1 351 501
11 57 10 5 430 502
15 76 12 3 585 794
84 63 16 6 633 763
23 42 14 1 396 600
10 94 21 3 244 322
26 15 7 3 362 652
55 36 26 1 361 610
57 59 12 6 430 624
15 67 28 2 316 391
1 10 26 5 406 611
80 73 20 2 535 680
18 65 23 6 459 751
88 2 19 4 368 624
25 28 27 1 204 266
13 33 19 6 295 475
25 77 20 5 395 609
87 67 26 5 456 633
6 67 21 6 268 485
36 86 18 4 232 479
60 28 6 5 314 485
21 42 28 5 384 647
94 63 11 4 293 506
30 79 5 1 454 525
15 93 11 1 554 768
53 15 12 4 491 713
0 79 27 5 203 309
70 86 21 1 524 661
21 50 27 5 462 743
4 65 18 7 493 649
52 41 28 4 200 321
22 41 6 2 424 535
46 69 18 7 625 722
7 0 12 6 587 691
96 98 15 6 216 512
91 31 21 2 284 425
74 24 19 2 564 642
89 78 30 6 486 773
95 77 10 4 240 456
36 32 11 3 329 576
47 75 12 4 411 680
85 13 12 4 373 590
0 43 27 2 516 612
71 43 23 2 259 486
1 72 22 6 392 622
14 35 12 7 271 337
21 2 19 7 458 547
53 30 16 6 242 344
7 29 28 2 253 353
5 7 9 1 253 330
57 93 29 5 250 411
50 20 29 2 342 452
99 23 8 1 465 570
51 99 27 3 403 645
50 95 28 1 488 686
44 36 16 3 211 287
22 59 27 1 317 392
48 12 14 6 327 618
53 24 25 4 359 576
11 41 9 1 619 752
37 97 24 2 242 503
100 7 8 7 417 605
86 65 7 2 560 622
50 57 8 2 447 745
85 93 7 4 383 583
67 44 27 1 433 531
46 79 24 2 271 550
19 27 14 4 536 608
80 3 16 6 448 688
29 91 21 2 601 784
99 85 10 4 553 765
71 99 20 4 392 667
72 79 14 7 223 335
45 53 5 1 588 710
88 3 25 7 295 386
88 88 5 3 225 437
20 43 11 7 652 739
24 50 10 7 442 621
83 36 11 3 443 698
47 22 26 6 522 778
82 47 11 6 576 639
60 51 6 5 268 497
92 71 25 1 626 719
88 79 26 1 376 549
39 63 15 6 414 540
98 78 19 3 354 435
94 40 10 6 420 577
97 20 16 3 510 621
49 53 19 6 232 368
38 54 16 1 471 651
100 82 9 7 522 638
27 82 30 3 586 694
3 52 10 3 495 659
85 38 27 6 475 643
94 89 16 6 431 588
31 20 21 5 320 436
47 57 18 7 620 714
73 16 17 1 583 777
61 67 5 7 334 560
68 43 29 5 471 728
12 100 17 5 499 775
48 28 7 7 371 640
37 16 21 6 370 581
38 66 27 3 449 626
60 0 17 1 517 607
39 91 11 3 219 315
66 93 25 7 551 747
13 18 13 2 444 737
84 21 27 4 661 723
0 5 28 1 483 720
74 61 27 3 469 570
12 21 7 5 235 441
20 44 18 4 574 776
100 25 25 2 422 493
71 38 9 2 428 681
8 64 27 6 313 514
1 93 20 4 471 573
62 84 5 5 328 515
81 33 16 3 676 768
85 67 14 7 409 604
35 79 8 3 673 774
90 2 23 4 284 368
41 41 27 7 277 441
90 22 22 6 207 428
9 51 5 5 343 623
8 70 27 5 451 650
16 80 21 1 488 753
73 7 15 4 403 534
92 84 23 4 434 511
72 16 23 7 512 591
70 41 7 7 243 341
84 17 10 1 533 706
92 16 14 2 372 450
52 2 14 1 725 791
70 44 5 2 232 521
91 92 29 1 472 635
74 83 7 4 437 615
52 76 22 6 564 769
79 60 28 7 518 592
12 76 6 6 598 699
40 24 8 6 509 626
25 53 15 2 470 707
67 98 24 7 460 666
19 85 24 4 588 773
57 92 9 1 567 655
81 83 10 3 458 582
100 53 18 7 218 307
47 48 11 2 325 617
19 17 17 3 247 330
30 9 14 3 246 317
15 25 7 6 510 589
62 50 23 3 342 518
46 8 27 2 262 502
44 35 27 1 231 392
11 82 30 5 436 552
43 92 10 3 500 728
29 95 27 2 326 519
63 70 24 4 591 671
10 38 9 6 432 717
23 63 23 7 489 696
76 11 22 6 229 500
4 45 27 4 405 651
42 65 10 7 526 771
4 98 6 4 336 517
31 61 16 2 567 636
78 71 11 4 367 539
70 66 14 7 221 325
23 12 16 2 420 671
52 83 12 5 679 789
79 100 26 1 255 467
38 4 16 6 586 736
85 6 13 2 386 534
74 2 6 5 406 666
79 20 19 1 219 282
90 37 19 2 283 405
65 1 14 5 331 597
81 40 7 7 591 720
95 100 10 5 579 742
74 42 19 3 266 511
14 38 18 4 472 711
38 10 8 1 406 689
44 71 20 3 304 559
84 95 14 7 422 671
99 89 17 7 528 685
47 91 7 7 226 333
96 80 29 7 406 588
66 59 7 6 439 698
48 56 17 5 356 550
99 65 15 4 214 373
48 18 16 6 387 494
62 83 17 2 213 474
61 11 23 6 391 537
43 85 14 1 232 501
15 72 29 2 635 720
10 80 17 1 446 655
13 95 24 4 488 587
28 58 5 3 217 454
73 57 22 4 533 764
41 87 8 7 252 475
60 5 27 4 326 590
63 88 14 1 337 581
39 18 24 4 381 543
33 46 21 3 427 696
55 72 24 4 454 535
98 16 19 2 214 333
26 93 12 7 429 626
87 86 12 5 539 715
39 70 6 4 627 725
73 60 19 3 355 652
44 88 16 4 251 376
55 35 13 4 228 450
16 52 14 4 303 469
79 97 23 2 474 608
66 97 12 5 586 720
4 74 22 1 222 508
53 18 5 6 658 731
20 21 19 1 351 492
12 55 22 5 477 742
20 99 20 1 261 422
96 23 23 3 276 542
28 70 23 2 477 711
64 14 8 5 361 455
73 100 25 3 556 757
90 72 14 1 377 497
47 32 11 2 210 272
85 100 28 2 548 780
90 47 28 5 306 374
45 19 19 4 530 669
72 62 26 7 244 413
8 92 15 5 562 671
41 29 29 2 321 489
89 71 23 6 503 749
96 35 9 1 434 679
23 93 26 6 677 797
68 58 26 3 294 507
77 78 12 3 348 541
39 16 12 4 320 398
75 93 9 6 288 554
86 87 11 2 317 388
90 35 28 4 523 603
18 91 28 7 324 604
72 92 8 1 450 656
81 6 25 1 503 779
84 0 28 4 321 461
21 85 23 7 565 790
12 63 24 7 251 362
84 13 9 5 397 578
29 29 26 4 262 398
68 17 27 6 488 686
23 75 22 7 531 753
96 31 30 7 531 747
24 16 6 3 415 497
62 15 25 3 408 490
36 97 28 6 475 729
6 60 9 7 430 649
40 27 20 1 263 348
29 18 19 2 448 630
15 89 17 3 489 588
38 51 24 4 224 495
70 14 6 1 446 615
85 36 12 2 380 561
99 52 19 7 426 631
7 5 30 6 557 617
94 13 25 4 327 608
40 3 21 7 240 468
74 92 15 1 304 516
66 33 13 6 555 682
58 100 19 2 241 340
52 15 13 6 249 420
82 8 21 6 334 424
95 34 19 2 421 682
46 85 10 4 675 757
10 89 29 5 382 477
21 3 27 7 452 566
71 4 10 4 454 731
37 51 24 3 449 604
38 31 25 7 289 546
76 84 20 6 225 299
85 91 9 3 533 676
29 77 27 5 588 681
67 48 7 7 303 530
5 0 6 2 658 781
86 49 10 1 309 422
6 92 14 6 339 638
88 87 29 3 252 487
3 80 29 3 532 743
23 71 16 2 574 705
79 40 16 3 298 435
70 90 11 6 324 609
42 33 10 1 417 670
6 74 17 1 301 598
0 75 11 7 411 586
69 46 9 1 290 569
67 37 21 7 514 660
17 14 11 1 325 467
37 24 30 4 297 422
15 17 11 4 495 781
67 95 5 3 386 617
8 14 26 7 276 530
65 63 28 6 580 787
7 49 15 4 359 519
15 77 5 7 676 751
1 84 29 7 734 799
64 12 18 2 338 402
22 87 30 6 544 795
66 51 18 1 503 607
8 54 11 6 330 555
75 10 23 3 539 763
81 96 12 4 573 656
91 47 17 7 420 528
32 76 11 5 372 545
20 59 15 3 232 304
34 34 10 3 561 639
11 67 23 7 307 596
53 61 28 1 566 648
21 8 29 4 517 755
76 24 25 4 472 533
71 89 17 2 258 514
95 87 18 3 481 610
21 36 13 5 415 574
5 42 19 7 398 536
49 69 11 2 595 754
74 0 9 4 228 297
73 58 25 7 496 563
47 61 19 7 615 775
97 76 29 5 229 400
17 11 17 1 665 736
15 20 30 4 517 716
32 44 19 3 230 333
60 24 8 5 269 374
13 98 20 2 472 711
52 6 17 7 607 692
84 25 24 2 305 458
76 14 26 6 648 724
96 11 25 2 492 566
3 51 15 3 385 461
42 46 25 2 643 751
20 97 6 2 224 316
56 65 12 7 351 508
34 46 9 2 379 550
54 60 11 2 238 424
29 24 21 6 351 465
63 76 10 3 494 731
5 50 10 3 519 786
11 92 25 3 343 622
32 4 16 7 236 425
91 1 29 3 347 533
16 49 21 1 597 664
56 42 28 3 221 519
85 85 30 3 618 724
87 5 6 2 660 761
84 28 24 6 507 571
14 62 5 7 376 525
17 87 7 3 539 728
92 21 24 6 609 748
93 88 7 6 214 359
39 93 24 5 391 469
35 57 24 5 231 294
77 13 8 6 604 699
34 83 17 2 207 337
90 1 21 1 226 475
14 23 22 3 512 629
22 31 7 6 459 602
94 100 9 1 326 486
95 54 7 4 432 508
97 52 25 7 466 636
53 52 8 3 565 684
30 76 13 5 436 613
16 74 19 1 394 670
35 39 28 6 272 544
35 23 28 5 453 720
18 59 27 1 442 611
69 68 27 4 531 599
45 97 25 4 537 760
37 73 23 1 515 714
73 34 16 2 453 685
25 99 12 4 313 505
47 4 18 7 567 696
82 63 17 2 571 632
79 99 20 6 427 679
96 94 14 7 610 748
74 37 11 4 647 741
96 59 5 5 569 674
75 74 21 6 670 734
3 53 26 4 679 770
6 81 29 7 270 458
20 60 18 2 217 342
92 31 25 3 343 465
5 8 15 1 513 702
5 61 7 4 471 605
12 13 21 5 494 704
92 70 29 3 251 422
