1663
27 72 0 0 0 0
83 43 25 2 698 758
31 44 10 7 470 743
84 11 8 6 591 714
8 74 8 5 231 508
72 18 25 3 527 587
78 78 11 6 296 510
71 99 23 5 480 763
9 94 12 7 265 402
24 65 16 6 408 654
97 91 10 5 641 726
100 34 21 4 557 723
32 33 16 1 556 690
21 39 19 1 370 487
15 98 25 4 314 436
87 5 17 1 204 396
13 30 24 6 326 607
21 48 7 5 336 593
46 1 11 5 398 686
41 54 28 6 347 607
67 36 12 2 252 511
82 52 9 7 544 660
29 11 29 1 381 602
20 14 29 5 248 386
27 15 17 7 557 620
83 21 30 7 595 718
50 67 25 7 394 523
93 66 15 6 388 614
79 60 13 7 456 561
98 14 6 4 372 613
12 1 30 1 690 751
12 52 28 4 408 509
72 3 6 4 352 540
53 60 12 5 522 649
55 22 27 1 545 741
20 18 15 1 307 506
59 100 15 7 433 605
16 70 29 5 606 686
16 82 6 1 340 628
7 67 8 5 246 535
65 71 12 7 399 462
49 33 19 6 607 754
73 27 9 6 326 467
1 58 21 2 544 674
81 91 13 2 257 504
98 50 23 2 540 654
60 49 8 7 284 388
8 53 9 1 593 714
82 50 13 5 297 370
52 24 30 2 633 721
39 37 9 5 292 357
14 31 8 6 305 470
50 16 6 2 415 630
52 8 17 1 518 769
7 87 20 4 262 342
78 30 6 1 237 498
76 36 30 2 361 434
38 2 14 1 478 707
67 41 29 1 290 456
1 19 13 1 654 744
35 44 10 4 332 567
9 19 20 5 559 787
79 53 20 4 443 678
84 42 27 6 609 759
22 53 18 3 462 573
87 11 10 1 535 650
89 14 21 4 445 581
14 59 25 4 334 473
5 5 23 2 527 612
8 63 7 6 452 586
41 70 23 1 645 779
73 8 6 6 300 589
15 38 28 5 241 421
10 5 9 2 278 515
83 23 13 2 427 716
47 59 7 6 515 636
68 46 10 4 255 463
40 66 11 6 378 598
92 42 17 5 483 705
25 58 16 7 253 519
71 31 5 6 363 647
80 53 6 3 628 767
2 7 7 3 617 678
14 78 6 6 392 503
41 86 16 5 347 544
67 96 27 3 564 659
13 1 20 3 543 749
36 24 26 4 384 553
79 99 28 1 582 733
56 30 21 1 431 631
44 42 19 7 258 536
78 17 25 2 533 597
86 99 24 3 325 554
47 78 26 3 465 687
88 65 22 2 413 586
58 59 29 7 389 611
41 92 29 4 414 670
38 19 13 7 527 664
5 60 26 7 445 613
38 94 23 1 418 586
39 25 16 3 385 588
71 76 19 2 375 577
59 12 30 2 291 543
31 47 13 1 211 388
100 74 13 2 240 470
8 6 27 5 557 794
58 84 17 6 418 634
7 52 9 3 519 632
35 99 18 6 566 779
32 39 19 1 239 464
57 52 21 5 349 442
33 51 30 6 625 797
100 64 19 4 499 723
80 48 14 2 341 574
70 97 10 2 336 498
94 98 6 5 372 457
14 29 12 6 207 489
33 73 21 3 341 593
36 59 25 5 458 731
87 75 25 3 429 554
36 26 9 4 450 528
67 14 22 2 324 534
58 66 5 5 631 695
5 76 8 4 489 773
49 56 17 7 577 642
65 90 21 1 447 562
3 16 28 1 313 498
92 28 11 1 250 434
91 70 6 6 381 667
94 18 8 5 614 702
81 87 23 2 319 531
84 25 10 3 507 658
13 96 17 2 703 791
5 30 19 7 441 530
70 85 9 2 352 496
55 48 22 6 543 675
67 56 13 3 438 600
27 37 18 5 642 781
75 90 15 2 430 648
91 52 12 2 402 611
82 12 21 4 541 642
92 61 12 1 543 631
52 2 18 2 512 770
76 67 7 7 362 478
94 15 7 3 534 773
71 4 5 5 251 385
67 42 29 2 322 586
13 68 23 6 287 369
41 23 24 5 297 512
83 52 12 7 500 783
29 22 13 6 366 660
65 68 14 1 427 538
97 46 17 3 481 686
17 43 13 6 305 529
54 97 13 7 624 689
0 84 15 5 393 584
12 41 29 2 491 599
52 36 13 4 583 699
0 29 30 2 274 393
6 93 15 7 544 701
69 0 8 5 545 668
45 58 12 3 329 520
79 62 21 6 471 709
23 41 20 1 402 578
68 59 21 3 266 418
19 38 18 3 309 419
94 96 11 5 393 596
46 57 12 2 377 569
35 97 26 2 612 736
100 59 8 5 548 628
63 61 27 2 528 595
39 26 24 5 501 713
39 99 11 4 309 532
0 12 22 5 415 480
94 31 27 7 384 610
17 36 22 5 528 638
100 94 20 3 407 648
93 11 13 2 446 711
4 71 11 2 257 423
56 28 20 2 637 796
15 13 30 5 346 477
97 88 10 7 582 649
27 64 26 7 395 486
76 61 18 5 691 800
31 8 15 2 489 739
59 69 29 3 627 764
24 93 12 6 234 439
22 12 23 3 597 722
7 22 20 1 544 701
68 94 13 6 232 365
27 20 15 6 521 638
75 44 26 2 480 671
73 60 15 1 550 740
37 50 7 6 300 451
73 90 16 1 244 512
32 87 16 7 649 750
16 61 9 2 227 292
41 14 29 4 453 635
35 29 16 3 424 721
70 78 27 5 342 550
95 99 18 1 560 692
43 13 20 6 592 789
16 33 29 5 373 660
2 4 27 6 545 627
49 85 8 3 517 644
49 37 30 6 552 645
74 10 16 4 287 460
64 95 19 5 222 325
59 2 25 7 544 770
100 2 12 1 223 478
80 46 27 4 535 708
15 86 15 2 372 517
50 39 5 2 249 396
40 89 9 6 289 430
79 51 28 1 438 537
97 14 25 5 533 742
32 57 18 4 523 699
99 48 17 4 376 543
32 63 17 1 426 642
16 78 23 6 334 532
71 84 5 7 260 485
81 8 26 3 360 478
86 54 21 4 251 393
36 2 7 3 501 646
90 44 5 3 528 785
87 50 27 1 411 632
7 79 25 5 226 448
74 12 23 2 685 753
83 86 13 6 209 361
37 52 28 1 312 455
47 73 12 3 432 497
87 100 19 6 242 458
80 87 23 7 489 758
76 83 8 1 287 367
82 40 13 4 261 553
73 73 18 3 488 711
78 96 24 7 586 767
27 60 8 1 365 620
47 64 20 2 630 708
67 80 19 6 607 715
38 27 24 2 481 553
98 75 8 1 498 587
65 53 6 6 462 738
0 66 5 3 426 498
61 49 7 5 437 725
75 7 12 7 333 504
86 57 7 1 283 501
10 3 23 7 509 658
8 17 11 6 334 630
66 32 29 3 377 592
20 100 22 1 232 394
36 61 16 2 200 392
46 76 23 4 287 492
82 80 16 1 270 373
78 44 20 5 229 446
70 94 19 7 387 671
84 62 25 1 378 562
68 9 15 3 490 593
90 48 7 3 300 532
69 45 5 6 220 513
82 6 21 3 409 485
29 76 18 1 372 604
23 16 27 5 594 764
23 18 28 2 277 425
33 2 27 5 301 598
70 84 21 3 349 647
49 44 25 6 517 722
40 78 10 6 479 615
88 28 22 3 314 495
94 13 6 6 522 713
88 20 13 6 583 667
24 54 17 7 590 795
63 11 12 4 411 560
64 96 6 2 398 507
80 91 21 5 547 703
12 80 23 6 657 722
22 68 22 7 318 458
69 53 23 3 511 702
87 91 19 7 509 787
64 100 20 2 350 487
25 20 14 3 489 786
34 24 28 6 270 467
3 72 21 2 254 517
69 23 28 6 500 743
96 94 12 6 493 581
74 0 24 6 542 638
36 4 5 3 377 656
51 32 24 2 378 616
45 84 13 4 346 593
64 77 7 4 303 450
82 26 19 7 357 554
30 72 28 4 332 488
23 45 6 2 472 547
18 8 27 1 459 537
36 7 15 2 469 739
92 40 10 3 434 533
56 75 14 6 421 659
93 96 7 3 556 660
58 52 12 1 380 622
24 21 20 7 531 732
11 61 22 2 256 514
36 12 28 3 428 647
13 37 26 6 291 509
91 99 7 3 499 710
27 38 26 2 658 721
44 98 28 7 407 594
21 80 25 5 585 649
74 96 17 4 437 586
24 10 5 1 345 442
62 23 8 6 273 422
71 22 11 3 346 526
51 46 29 6 497 752
13 78 11 5 659 752
5 32 14 7 226 338
61 65 13 6 469 580
94 91 15 1 536 738
83 38 27 5 428 568
26 14 16 6 493 762
76 37 20 1 615 755
45 78 14 5 552 784
96 26 29 4 321 605
30 65 26 2 473 549
24 66 21 6 349 474
57 17 28 2 564 646
39 15 20 4 258 421
18 61 15 1 546 762
76 2 16 5 266 420
65 31 27 1 329 580
6 8 20 4 480 595
53 74 22 2 444 679
46 24 9 5 238 328
58 38 13 5 433 702
29 55 27 1 325 611
7 5 14 6 645 751
42 37 21 4 625 775
98 90 17 7 316 425
39 70 8 5 340 417
1 60 20 3 220 415
82 61 13 4 340 439
29 40 27 5 631 740
15 68 24 3 204 416
80 36 14 7 442 727
65 18 10 4 576 648
91 32 6 4 359 438
72 21 28 4 653 738
9 71 29 2 419 561
19 58 29 2 351 524
94 66 21 4 201 315
53 82 14 4 488 644
56 85 8 6 473 570
63 55 8 3 217 374
42 39 30 6 556 775
68 0 11 6 342 543
63 52 12 7 524 734
20 73 8 7 370 649
26 59 6 5 460 672
44 81 12 5 361 652
34 50 30 3 496 708
56 76 15 5 290 551
59 30 30 7 603 700
21 93 12 2 370 570
89 95 14 4 718 800
80 45 13 7 301 495
21 42 16 3 280 533
28 11 9 2 390 681
96 91 18 6 528 753
86 95 23 7 306 500
9 0 28 6 306 414
5 42 17 3 236 336
36 58 10 6 460 545
89 7 27 3 257 473
92 90 30 3 539 628
26 28 17 2 241 431
63 83 25 1 593 779
61 43 25 1 504 585
27 77 11 6 269 529
89 64 14 3 259 461
50 19 15 2 335 604
62 34 12 5 533 671
79 82 14 7 530 739
85 59 15 7 497 631
72 16 5 5 271 354
81 10 13 7 203 305
29 12 13 6 387 656
69 17 17 3 532 671
1 91 23 4 291 408
58 13 6 7 448 635
95 61 6 2 444 714
4 42 29 7 272 506
22 98 10 7 461 702
28 20 20 5 513 772
67 59 9 3 463 631
14 65 26 7 287 571
28 42 18 1 218 453
62 32 9 5 309 498
74 40 15 2 322 463
4 15 20 6 478 746
89 49 14 1 238 363
24 5 24 5 356 619
91 82 28 6 580 699
100 13 14 2 546 785
87 43 7 1 601 689
65 0 12 5 617 784
76 62 12 2 555 623
54 39 14 1 291 548
25 60 6 1 549 630
38 53 24 7 213 326
91 3 27 3 379 640
84 54 9 3 363 473
5 43 17 5 488 714
95 83 21 1 258 514
3 15 14 1 249 496
47 5 13 4 254 549
36 39 21 6 333 518
64 73 24 2 454 713
90 82 9 3 323 561
70 14 7 4 347 574
26 66 5 5 388 641
69 68 7 7 394 465
70 77 21 4 671 761
57 47 5 3 295 537
46 5 23 1 457 550
37 54 6 4 219 475
73 15 12 5 588 705
98 22 15 3 508 701
95 94 7 3 657 730
65 7 21 3 356 537
5 2 19 4 343 477
42 70 24 2 496 792
91 8 7 3 238 471
57 94 27 6 242 433
1 55 17 5 356 549
93 70 30 3 455 593
97 50 30 5 577 699
50 18 16 1 442 544
93 61 24 3 541 654
41 28 12 5 393 592
84 93 24 6 237 515
85 44 5 2 359 616
49 14 29 2 398 651
45 87 25 3 638 778
83 2 21 7 569 758
31 63 20 5 244 407
74 80 21 4 231 294
5 94 27 1 562 774
98 69 18 7 661 740
19 82 19 1 224 421
86 40 27 2 499 649
1 21 15 5 572 667
21 96 25 5 500 656
37 38 21 7 459 725
28 91 25 2 499 713
72 98 20 1 399 645
62 69 28 1 535 649
100 6 13 1 378 565
51 97 24 6 468 677
71 10 11 4 500 582
12 56 27 7 377 512
96 10 15 2 314 591
14 11 16 1 241 320
50 14 21 5 328 591
73 43 24 3 442 543
90 64 25 3 334 591
11 77 21 3 269 470
86 66 15 1 578 642
91 78 15 7 288 550
86 23 19 2 470 609
99 4 20 2 625 700
97 78 24 3 211 429
25 77 26 7 411 496
54 99 8 4 482 587
81 59 23 1 316 526
19 100 23 5 300 599
64 69 23 5 303 447
11 92 20 5 690 791
98 42 19 1 380 620
97 98 30 5 519 639
10 44 15 2 405 480
60 16 5 3 297 545
36 53 9 4 230 312
4 26 18 4 297 378
7 96 9 5 599 765
23 81 23 2 666 748
40 0 9 2 436 541
17 7 15 6 228 439
27 68 26 1 654 772
46 70 29 1 411 552
71 37 13 6 604 735
80 0 22 2 591 669
73 41 24 7 511 685
54 82 14 5 248 334
71 58 28 3 316 436
85 60 20 5 642 783
13 52 6 7 587 664
97 18 23 3 238 403
26 48 21 5 301 597
27 99 15 1 329 560
74 65 17 4 582 753
13 23 22 6 470 676
72 94 26 5 306 527
8 88 18 3 393 688
25 42 11 7 370 607
23 97 27 6 373 451
92 21 18 1 578 662
8 16 16 3 319 612
32 78 13 2 396 487
76 39 8 4 522 760
20 12 7 7 594 778
85 45 23 3 547 746
35 33 10 5 284 428
84 94 7 4 205 433
80 39 15 7 396 554
12 43 27 5 374 442
37 32 11 2 585 678
29 56 25 7 613 704
3 36 16 1 248 532
4 16 13 4 479 759
93 33 16 5 499 572
34 63 20 7 666 759
76 74 5 1 437 614
10 95 9 1 513 663
89 45 5 1 279 530
55 87 20 4 230 365
34 2 9 5 353 428
14 47 26 7 407 511
98 4 28 2 474 581
30 17 28 4 543 676
24 53 24 4 406 528
68 13 5 2 460 748
23 57 28 7 560 639
24 15 10 5 665 797
59 56 25 7 240 316
24 72 20 7 406 671
42 35 11 1 301 365
92 69 10 3 435 601
55 37 8 5 583 713
96 31 5 1 449 555
35 50 19 6 610 719
26 26 12 5 445 683
56 54 10 7 345 597
84 77 10 2 402 569
55 19 24 4 248 366
74 28 10 4 474 570
99 41 19 4 436 555
78 1 17 2 537 721
33 67 5 4 544 773
20 38 8 6 523 720
30 33 25 3 269 419
85 76 10 1 203 426
72 100 24 5 442 582
78 94 23 7 432 595
25 91 15 4 560 729
88 98 8 5 266 517
96 20 11 1 491 657
23 80 15 7 602 670
79 10 7 3 724 790
89 40 22 4 318 546
59 58 30 3 343 583
87 14 20 7 529 796
38 88 6 5 430 490
29 20 5 1 297 578
17 58 10 1 241 510
38 68 20 6 362 505
40 97 6 6 230 509
74 67 14 3 487 728
39 60 8 1 578 669
93 88 6 6 348 531
80 70 27 2 335 416
91 9 20 7 441 510
56 26 14 6 230 458
78 67 23 4 319 419
30 75 9 6 333 561
61 16 26 5 466 639
81 100 21 2 333 507
100 78 10 1 299 519
85 38 18 7 290 421
50 78 29 4 502 731
37 87 5 4 573 656
40 28 17 1 230 370
70 22 23 2 290 356
23 25 24 5 245 468
81 97 5 3 641 722
56 32 17 6 347 411
16 42 10 4 611 705
11 63 8 7 205 472
100 43 26 2 248 362
96 86 19 4 241 513
40 21 13 5 501 635
4 62 17 6 440 584
59 84 9 6 596 666
36 69 21 1 533 757
63 4 11 6 316 472
33 37 18 3 428 600
100 83 26 2 481 732
30 49 6 3 230 497
63 23 5 6 732 794
18 0 9 4 482 737
34 70 18 3 417 678
36 70 27 6 581 780
32 30 22 7 424 711
17 92 16 4 554 620
94 78 21 6 205 334
4 69 11 3 540 769
93 35 15 6 306 599
95 85 5 2 699 786
13 12 18 3 476 648
100 54 6 1 359 559
2 71 20 7 416 616
48 57 27 4 443 575
9 34 23 7 679 790
48 84 25 1 368 485
10 65 6 1 400 634
24 97 18 5 295 595
65 33 7 7 237 491
22 18 19 4 564 743
51 60 6 6 243 512
64 1 27 7 462 537
92 45 14 5 464 683
58 98 30 7 209 507
21 89 15 2 254 488
22 4 19 5 254 378
16 50 6 1 584 685
60 58 17 4 251 449
48 33 16 3 441 503
18 2 9 1 502 627
32 86 20 2 212 323
19 36 26 7 536 659
78 52 29 2 200 444
27 93 14 5 620 784
20 53 12 6 329 592
43 3 29 5 726 797
19 54 25 4 398 567
7 69 7 4 679 745
8 65 23 3 447 619
2 42 8 5 420 676
32 37 27 1 301 438
75 30 18 4 325 467
62 28 20 7 359 555
25 71 29 1 426 538
62 15 24 5 305 554
94 76 6 3 399 535
56 86 17 1 474 580
96 90 5 2 555 708
1 73 24 3 350 508
84 85 14 3 474 600
48 89 8 3 419 570
54 71 11 4 282 376
4 72 30 1 298 494
2 54 5 2 238 335
84 71 20 1 543 771
78 97 23 3 342 522
14 13 14 1 382 507
70 19 6 7 558 723
64 75 26 4 227 334
43 51 13 4 586 660
48 85 27 7 317 513
57 34 12 4 421 597
65 32 30 1 493 642
44 58 24 3 250 314
30 16 28 5 571 671
50 53 22 6 273 364
24 84 5 6 278 394
55 33 17 4 304 555
58 33 30 1 497 734
92 81 9 7 415 675
53 16 30 2 384 589
82 70 21 3 200 432
37 21 8 3 333 449
10 49 10 6 206 288
77 66 5 4 399 475
35 15 5 2 464 587
54 50 18 7 556 636
27 57 10 1 262 423
89 77 26 4 525 598
5 14 17 1 671 763
48 36 15 4 206 423
95 88 11 7 283 430
21 24 28 6 317 499
12 60 11 7 361 479
99 45 8 3 435 614
3 39 14 5 534 798
56 60 28 6 450 617
67 66 20 3 303 396
55 24 19 4 644 710
54 9 23 6 413 579
25 73 22 1 530 788
66 67 21 5 674 746
60 18 18 5 468 616
15 83 14 1 429 723
36 96 17 6 618 696
35 16 5 7 281 442
68 65 14 5 609 686
14 66 13 7 500 704
73 32 26 4 353 557
77 98 9 2 256 520
22 75 18 7 218 407
47 10 19 7 256 348
46 28 22 6 474 558
60 35 17 7 547 781
55 42 29 1 539 735
44 14 14 4 516 660
24 35 27 6 415 592
24 100 14 4 643 708
60 32 27 3 306 434
56 64 8 7 380 553
55 4 12 1 450 654
55 52 13 5 329 537
86 93 10 7 540 672
89 96 5 2 517 687
16 45 6 2 571 675
12 8 10 1 430 728
65 75 10 6 668 777
76 84 16 5 402 488
96 53 17 7 386 460
33 78 5 2 414 713
20 95 14 4 269 491
96 43 13 2 304 440
33 100 13 7 201 474
96 29 28 7 464 545
96 15 25 6 336 545
79 86 29 3 403 471
62 75 26 1 637 703
7 85 28 5 392 473
8 61 22 3 279 506
56 43 5 4 506 572
53 57 24 4 359 525
8 34 5 5 438 636
33 8 13 1 384 590
100 82 28 1 602 678
35 88 28 2 239 368
2 82 20 3 375 620
19 24 26 6 527 621
60 39 5 6 376 467
20 66 26 7 630 796
82 1 8 4 447 659
2 31 17 6 368 510
23 50 30 3 386 614
56 37 8 3 322 511
1 18 19 4 269 466
84 40 7 5 535 714
100 26 11 1 424 701
54 6 22 1 221 484
88 54 8 1 231 524
40 34 6 6 282 498
96 27 19 1 448 578
80 71 25 4 430 602
17 19 26 3 372 602
33 31 30 1 422 621
88 51 13 2 356 649
29 23 21 7 507 710
50 5 15 2 210 480
11 54 25 5 544 770
67 92 14 1 311 535
80 50 7 7 441 640
32 14 7 2 578 667
3 94 20 4 428 651
67 2 21 4 685 767
9 30 5 4 358 444
61 55 24 6 330 460
93 19 20 1 458 549
3 85 17 1 267 456
64 88 16 3 403 510
20 96 27 4 414 567
59 45 18 3 265 529
68 6 20 4 686 769
12 15 25 5 427 604
16 80 29 6 316 448
78 48 25 1 267 338
10 55 27 5 502 735
87 84 25 7 615 726
63 80 12 7 358 632
93 79 24 1 463 651
62 94 21 5 349 509
92 77 8 1 476 677
96 87 30 2 487 722
31 77 7 1 343 506
78 63 12 3 288 472
94 68 26 5 376 506
73 48 24 1 529 761
81 43 11 2 591 684
46 36 18 2 578 696
4 97 21 7 249 505
98 79 22 7 543 681
12 44 6 1 422 511
60 7 11 1 583 708
29 32 8 5 255 550
20 85 8 1 337 416
53 14 11 4 204 276
5 65 9 1 635 775
71 41 15 2 220 332
16 10 9 4 393 693
39 3 14 5 473 677
12 27 28 1 395 553
41 61 6 7 236 416
6 89 21 7 565 742
34 42 15 6 423 717
52 65 6 6 643 704
41 48 19 7 282 497
96 4 7 1 675 783
48 22 26 3 660 782
3 14 16 4 480 654
89 47 24 3 486 667
99 27 10 7 236 337
2 1 11 2 215 373
65 82 29 2 346 547
56 52 28 1 434 698
56 83 9 2 385 602
84 44 26 5 554 797
62 93 19 7 471 670
61 64 7 2 450 600
42 97 15 3 514 765
83 89 8 1 256 400
68 29 27 2 501 792
48 29 28 3 428 624
23 93 11 7 370 507
23 70 5 6 338 524
13 87 18 1 494 793
34 7 26 1 289 451
82 21 25 3 234 394
58 62 28 6 338 600
7 40 13 4 272 354
86 83 14 4 603 718
1 70 16 5 435 589
37 42 13 2 420 600
82 3 17 1 574 667
93 94 16 6 218 351
98 23 17 1 362 552
48 25 13 6 499 682
68 12 29 5 409 556
29 25 16 6 521 625
18 86 22 7 383 571
10 42 9 7 294 531
28 100 21 1 589 720
45 46 25 3 378 478
81 11 16 5 270 401
17 88 20 3 406 557
40 35 8 7 451 704
47 6 28 1 371 606
78 74 6 6 427 600
16 77 5 2 549 729
81 2 18 7 561 706
68 68 23 6 228 347
77 43 28 1 514 742
68 90 19 7 408 483
53 6 12 3 223 400
23 78 24 4 501 650
47 3 15 7 374 582
32 90 12 7 345 518
2 67 9 5 419 582
31 31 12 1 371 455
70 92 22 3 233 304
82 25 11 5 336 463
73 30 7 1 337 497
30 71 8 4 284 387
83 33 25 6 558 720
30 61 18 4 364 475
85 98 18 7 288 470
50 10 30 6 553 739
50 63 17 5 653 786
71 7 20 6 517 588
80 64 19 4 201 409
26 68 10 7 483 648
59 51 29 4 438 645
72 44 18 1 349 643
59 94 29 5 571 699
86 69 14 4 294 396
0 55 6 1 279 415
2 89 15 7 392 663
39 27 5 6 307 394
96 79 7 4 622 694
57 61 29 3 577 730
30 20 26 7 430 510
1 8 5 1 371 506
56 19 11 3 478 704
87 62 29 7 695 776
30 78 16 2 222 437
13 62 9 1 471 672
27 61 27 7 327 445
80 3 18 5 366 643
55 41 19 6 281 412
14 98 18 4 533 633
53 18 23 1 432 503
85 66 29 7 488 673
79 75 16 1 394 476
66 27 27 5 639 713
28 2 18 7 237 537
98 96 18 4 262 515
9 99 8 6 435 697
8 15 15 1 385 519
17 53 9 4 276 337
82 34 20 6 429 715
59 24 26 1 259 357
82 28 22 7 443 568
56 5 5 2 368 540
16 17 9 1 353 643
24 55 24 7 372 646
86 64 5 5 201 352
36 47 5 1 250 456
14 50 19 6 444 601
71 23 12 3 544 671
97 20 5 4 568 631
60 28 8 3 429 703
65 76 23 1 496 765
16 2 11 4 445 598
52 45 12 6 214 366
26 58 16 1 340 625
73 35 26 2 436 659
43 43 9 3 201 448
28 52 21 6 429 607
95 15 6 1 527 698
9 40 10 4 291 480
46 60 27 2 478 593
0 57 25 7 525 789
23 38 23 4 528 600
35 92 17 4 395 639
78 55 9 1 370 497
78 26 27 4 314 602
50 7 13 1 263 484
48 23 16 4 445 638
74 14 13 2 630 781
30 69 20 2 311 379
45 100 30 7 636 788
3 25 17 5 621 760
47 35 5 1 287 547
65 80 17 5 233 330
22 10 8 1 312 540
79 95 21 1 436 670
11 45 29 2 458 637
74 97 8 7 274 564
74 7 15 1 375 564
75 100 15 2 392 582
99 16 6 2 566 643
84 95 26 7 469 727
36 9 19 3 524 615
36 81 28 2 386 462
57 33 10 7 480 739
51 67 27 5 440 717
64 5 12 5 356 497
71 19 7 1 256 548
76 79 10 1 215 365
7 2 25 4 227 484
52 55 30 1 431 692
89 10 21 6 252 312
74 81 19 4 417 483
14 75 28 3 531 628
0 26 16 2 622 697
93 28 7 6 388 608
9 58 15 5 486 768
4 65 28 4 406 604
42 46 18 1 606 715
37 58 17 4 425 667
67 84 12 7 539 775
42 44 30 1 213 388
31 58 24 4 262 488
16 15 19 4 258 441
41 89 7 4 478 623
47 33 8 5 421 610
90 41 24 5 252 443
58 81 25 6 266 416
90 21 7 5 527 788
72 32 27 1 237 497
85 1 5 2 508 650
66 10 15 7 622 798
1 27 9 6 470 731
29 79 12 7 421 555
70 8 22 3 243 475
23 77 13 5 225 408
46 96 14 2 271 345
57 82 18 3 618 742
84 10 28 3 311 453
34 28 12 4 277 495
4 10 10 3 322 488
41 96 27 1 286 576
84 30 9 7 266 464
16 79 14 4 314 525
48 75 30 1 680 785
53 65 22 3 582 660
2 55 28 6 432 580
14 92 11 1 263 365
72 85 26 4 322 494
92 23 10 7 390 463
87 38 15 1 238 474
31 54 25 1 352 494
15 33 20 2 465 722
32 45 22 1 238 320
38 60 5 2 460 669
54 69 13 3 620 777
27 16 6 2 515 590
81 17 10 6 484 730
37 17 27 3 330 502
32 32 12 5 465 764
99 99 17 2 380 561
82 59 25 1 442 739
70 6 10 1 319 454
89 98 13 1 345 621
77 37 7 1 268 410
13 51 7 2 371 551
11 14 19 1 379 637
69 47 13 5 485 712
21 19 10 3 322 464
26 87 12 2 502 739
30 38 25 3 469 767
6 37 14 7 335 449
71 80 13 2 478 633
31 11 13 7 467 715
48 21 26 7 627 709
19 68 9 5 244 439
54 26 6 6 274 480
93 13 21 2 426 717
89 24 7 2 381 521
7 39 28 7 549 646
7 66 19 1 553 778
3 45 25 4 354 513
9 98 6 4 241 312
27 87 23 6 610 737
22 19 23 3 237 303
54 25 22 6 212 512
17 46 11 5 330 521
47 8 6 6 495 713
83 76 16 1 310 380
29 88 14 3 266 523
70 13 25 1 543 690
6 79 24 5 648 765
60 25 29 1 556 702
17 100 20 6 353 606
74 77 19 7 565 674
5 3 24 4 367 610
32 31 30 5 321 608
90 16 23 4 239 506
85 15 22 6 218 335
92 12 10 6 500 777
65 21 19 5 274 373
69 19 8 1 477 547
29 63 28 7 410 667
68 74 15 4 585 753
77 5 22 5 294 553
2 15 7 4 295 556
94 79 26 6 388 555
32 19 13 7 283 375
52 66 26 6 421 560
57 54 18 6 204 443
13 46 18 3 317 572
93 21 16 6 407 691
6 56 12 2 556 789
6 63 10 2 398 599
55 63 26 6 469 742
80 84 11 3 626 710
14 54 9 7 348 514
3 97 5 2 513 767
84 70 30 2 283 358
90 74 11 7 689 774
93 93 15 4 469 712
68 4 29 5 218 484
64 62 11 1 387 512
85 43 18 3 343 523
12 64 13 5 290 562
75 17 13 6 539 748
57 23 19 4 235 412
37 18 16 2 265 460
58 99 6 7 538 680
79 25 15 3 448 532
99 21 22 3 370 431
2 95 22 4 476 591
11 80 29 7 223 368
89 33 30 6 453 728
62 50 27 3 690 771
97 21 25 3 671 741
41 53 27 3 521 586
73 62 12 6 380 664
35 68 13 2 554 754
92 46 7 3 206 424
63 48 21 7 672 774
14 41 28 1 464 735
27 52 10 6 261 395
6 21 23 7 291 439
6 35 7 5 350 437
6 91 22 7 464 699
46 100 17 3 498 792
70 89 13 3 634 742
91 46 25 3 249 541
54 92 6 3 367 606
53 52 12 7 210 406
53 11 11 1 365 596
15 88 15 6 370 496
95 72 13 7 486 587
23 1 13 5 539 601
65 26 15 4 491 611
47 38 27 1 633 736
20 31 27 6 357 505
98 60 21 3 388 666
28 87 7 2 385 583
69 5 24 6 360 505
25 79 12 3 413 607
14 5 22 6 480 664
19 39 5 3 417 607
43 56 26 1 495 573
66 2 9 2 402 685
12 35 17 7 301 520
11 21 9 5 442 527
23 13 21 6 549 731
47 4 21 3 353 610
75 93 13 6 257 532
86 19 23 7 278 393
81 79 7 7 363 507
35 76 23 4 583 694
5 4 17 2 257 545
11 15 25 3 499 762
83 30 6 5 324 396
50 15 11 5 426 542
23 71 9 2 351 421
3 44 5 3 317 600
45 76 9 2 535 760
73 81 8 5 521 662
78 47 22 5 421 586
77 90 24 6 560 798
80 37 22 1 450 540
56 73 11 3 492 708
43 62 18 6 310 466
46 69 27 7 344 450
100 67 26 3 239 372
57 29 13 1 599 752
37 43 26 3 479 616
99 53 14 2 640 729
87 88 21 1 488 740
3 54 22 7 642 785
51 71 15 4 322 392
45 52 7 7 456 711
81 40 8 2 356 462
49 62 21 3 216 481
65 48 27 4 215 472
4 36 21 3 344 458
54 20 19 5 570 719
97 15 8 3 499 590
14 27 25 6 404 589
91 94 14 6 312 423
46 77 23 7 490 559
54 23 30 2 411 473
82 16 8 6 388 455
61 33 18 6 414 528
82 37 12 4 431 681
37 71 20 1 501 591
2 2 11 4 398 582
45 10 13 3 232 525
47 41 26 4 225 421
83 79 6 4 295 376
75 72 24 6 455 568
40 74 30 2 314 480
24 4 28 1 408 623
34 26 11 4 504 790
52 56 23 7 689 764
59 55 19 2 245 526
13 25 15 5 455 536
49 80 13 7 354 624
99 22 20 5 450 518
4 54 6 2 346 631
88 0 23 2 389 479
29 92 21 6 672 800
27 95 30 5 248 454
1 85 18 2 286 399
7 90 12 4 463 722
49 12 27 6 561 756
18 62 28 6 667 745
80 62 22 5 475 628
8 55 26 4 271 557
35 23 25 3 582 772
85 99 21 2 466 544
88 37 15 4 211 441
15 99 11 1 319 611
68 73 29 1 523 778
27 32 16 5 387 482
71 55 29 1 469 650
37 90 18 5 551 730
92 27 27 1 359 473
1 16 5 4 357 652
72 4 16 5 255 323
86 100 18 6 408 601
31 83 10 1 542 745
41 62 29 3 398 562
38 93 16 2 398 481
47 100 27 5 447 545
92 68 11 3 207 428
24 78 29 4 398 483
91 49 21 5 582 700
7 41 30 3 320 512
32 28 15 6 542 797
28 3 27 4 496 754
16 16 18 5 339 580
98 84 21 6 546 733
3 53 20 1 277 381
47 24 18 5 381 584
87 23 15 7 400 555
45 56 20 7 378 624
90 63 24 1 286 512
58 79 20 1 479 639
45 96 28 2 299 449
69 76 18 6 620 737
10 57 27 6 396 649
47 22 27 4 630 696
19 96 23 7 520 634
61 31 30 4 346 596
48 13 6 7 219 433
72 80 29 4 424 675
87 66 25 4 560 734
5 51 17 5 506 706
36 84 22 7 393 664
95 63 13 5 509 705
34 18 6 1 441 554
95 0 29 2 436 643
60 61 29 1 233 311
81 63 30 4 367 565
18 78 22 6 348 581
85 81 26 2 437 497
29 67 14 6 403 595
39 8 12 5 675 764
19 43 19 2 251 531
43 25 25 1 243 521
78 18 19 5 384 522
87 58 16 4 240 379
44 72 12 4 251 374
39 13 8 4 412 632
12 0 28 5 369 508
95 92 12 3 371 621
33 47 15 4 469 723
63 19 13 5 277 362
27 74 18 3 219 499
32 99 13 4 452 519
31 39 23 7 349 571
48 2 27 6 247 388
20 98 28 3 385 628
54 55 15 7 625 763
57 78 24 7 404 498
15 81 19 1 329 557
21 51 10 5 379 587
59 54 16 4 421 548
21 30 10 2 266 564
45 90 7 7 285 531
70 12 8 5 330 418
23 88 17 4 230 460
86 13 26 6 523 747
88 93 18 3 614 750
85 47 14 3 358 466
13 2 18 7 411 687
70 28 27 3 454 587
45 34 24 1 375 626
72 17 16 2 222 422
89 21 21 2 350 454
6 85 7 2 245 342
44 41 20 6 259 355
39 39 7 6 240 384
94 5 19 6 514 625
16 48 8 4 422 519
14 67 19 4 438 643
32 7 24 7 211 328
42 12 8 4 215 389
47 16 29 6 208 317
30 23 7 3 479 723
90 79 30 7 320 510
23 53 18 3 651 717
55 84 18 4 396 645
70 20 10 4 200 295
77 34 24 6 411 508
41 81 9 6 350 445
65 8 28 6 541 731
52 77 20 6 573 767
25 55 18 5 323 383
81 46 24 7 210 381
3 19 15 3 240 305
96 41 16 6 372 498
77 32 29 5 393 494
17 93 5 2 619 700
96 46 6 5 271 436
90 83 18 6 289 456
58 17 26 6 503 599
85 39 10 7 550 766
59 46 26 7 343 481
91 59 22 5 396 647
69 44 14 7 501 736
58 80 10 2 432 608
58 86 5 7 318 434
76 72 19 5 362 565
44 61 22 7 462 699
11 10 25 5 251 399
32 13 13 7 635 791
46 25 13 7 500 748
41 36 28 1 499 612
99 86 17 3 433 714
37 51 13 1 464 534
1 68 28 3 514 704
26 13 10 7 485 752
52 50 7 2 388 540
1 38 13 3 500 688
53 4 14 4 450 578
87 64 17 3 573 786
48 7 18 7 269 461
71 68 8 2 244 361
37 62 18 3 432 554
40 90 7 2 370 629
31 61 13 3 202 438
40 15 23 4 570 657
1 29 20 7 544 796
93 43 7 1 253 333
94 28 15 5 474 538
83 41 7 6 723 789
89 4 22 5 225 355
4 29 26 3 621 705
9 26 20 4 276 461
80 40 21 2 473 731
81 94 7 2 287 518
37 49 11 5 351 413
2 75 9 1 215 388
72 25 20 7 483 649
78 91 9 5 598 767
96 54 20 1 384 604
39 69 12 1 292 545
37 65 7 5 206 490
35 18 10 3 567 639
22 9 24 6 459 588
9 11 21 5 630 715
37 84 29 4 683 743
23 87 19 3 304 480
28 85 30 6 615 715
71 91 8 6 577 681
7 37 17 4 485 765
82 75 23 3 507 756
50 94 22 4 483 630
45 89 26 7 415 569
14 93 14 6 535 611
52 30 25 3 559 678
93 29 24 6 693 797
94 83 29 3 522 781
57 27 26 4 258 496
87 87 28 6 372 559
11 18 13 6 352 571
95 100 12 3 458 554
12 2 10 1 471 619
94 33 16 5 624 759
33 89 16 6 465 596
14 49 15 2 318 600
43 17 20 1 525 688
20 44 9 4 532 662
9 91 27 4 528 715
74 83 19 2 387 611
38 49 22 1 394 667
84 52 11 4 586 650
91 93 13 7 289 537
39 96 13 1 529 751
46 52 25 4 421 685
25 66 19 5 541 629
59 95 23 3 390 667
1 41 21 3 258 495
81 71 30 2 415 603
28 90 30 2 479 725
96 56 26 7 492 574
84 21 18 2 242 511
6 39 19 4 217 298
98 49 11 2 317 453
65 17 9 3 556 739
0 14 7 2 337 580
22 47 9 5 298 359
28 67 12 7 398 563
32 73 7 1 526 729
14 30 16 2 281 360
96 70 9 1 672 771
55 72 15 1 490 688
91 35 26 1 395 655
48 65 7 7 507 649
64 84 9 1 551 650
47 86 20 4 512 780
70 49 10 6 204 294
88 95 18 5 290 532
21 12 10 7 654 777
2 29 28 7 360 636
30 14 21 5 420 617
62 70 30 2 306 510
64 80 14 5 496 577
6 59 10 5 627 713
15 53 15 7 346 538
72 60 18 4 450 694
39 31 21 5 262 342
69 1 27 1 315 427
15 6 25 4 391 523
99 93 29 3 541 757
46 71 28 3 235 459
17 51 13 2 556 702
90 37 7 6 555 762
92 33 12 7 553 631
60 26 24 5 233 318
32 56 21 4 475 693
15 15 18 1 201 335
28 73 19 4 570 716
98 30 23 6 686 800
52 67 27 4 674 764
56 88 9 7 612 703
21 82 27 2 426 507
22 34 6 3 256 359
56 97 21 5 352 604
80 22 5 1 272 543
38 56 28 6 596 737
74 90 27 1 502 657
93 4 10 7 375 623
3 77 23 6 336 518
2 6 30 5 285 422
73 26 18 4 301 394
65 10 9 7 625 798
74 88 29 5 248 542
0 38 17 2 542 676
95 24 24 3 337 447
84 79 26 7 627 757
61 7 19 7 495 762
27 59 27 3 262 363
34 27 22 4 398 532
57 89 27 3 465 658
44 36 10 3 667 779
1 82 26 5 237 330
37 73 20 7 515 681
28 6 26 1 595 672
8 4 7 4 438 556
80 58 9 5 437 515
58 73 11 1 555 725
65 22 5 2 505 639
39 84 29 1 484 658
93 14 15 7 429 665
69 48 21 4 572 690
61 92 21 1 496 647
36 82 27 2 209 498
59 72 20 5 351 623
90 35 17 1 301 473
58 85 30 6 504 795
53 10 18 5 302 594
16 43 28 1 586 778
65 29 29 6 390 542
0 58 25 1 506 781
100 65 7 3 567 754
13 77 24 7 532 669
27 69 29 1 652 789
97 58 26 7 428 526
79 63 28 2 551 692
13 91 9 7 508 585
54 32 9 4 484 567
53 26 25 5 698 777
77 21 21 4 628 731
99 72 16 1 322 502
66 82 20 6 308 373
83 64 22 3 331 507
100 18 8 1 239 361
36 22 17 4 259 466
61 51 28 3 446 628
73 82 21 7 546 610
33 12 22 6 239 319
58 16 8 6 349 615
58 11 24 2 329 576
12 68 10 5 631 744
15 47 17 7 323 545
18 85 20 3 234 428
70 47 8 2 275 476
37 25 15 5 437 623
68 77 24 6 450 622
60 15 29 5 477 686
10 68 27 4 461 603
96 51 11 1 502 729
78 35 19 7 226 300
24 49 11 3 369 663
97 45 12 1 405 514
66 100 9 6 360 434
17 27 28 7 558 652
50 59 6 4 257 337
15 42 7 3 351 590
89 19 10 3 599 738
68 51 23 5 254 472
66 1 15 7 287 426
60 64 17 5 307 557
90 1 15 2 370 525
70 5 12 2 555 657
11 20 24 1 223 339
14 83 25 3 250 446
56 92 24 3 631 772
6 26 22 6 388 666
7 26 6 5 256 463
78 45 10 7 657 749
75 16 21 4 638 711
100 7 14 5 521 743
37 12 10 1 504 671
37 56 15 6 480 774
17 84 5 2 326 537
25 100 30 4 337 546
82 81 29 3 329 588
95 93 5 3 288 383
43 33 11 2 344 583
18 72 10 2 238 411
83 88 9 4 460 600
73 37 21 3 301 419
100 51 26 6 431 614
58 53 18 4 517 689
12 67 18 1 608 671
17 50 29 6 416 688
6 38 9 5 491 709
83 90 14 2 369 539
63 62 18 2 557 711
32 97 27 6 275 390
56 65 16 5 298 373
86 71 9 1 570 656
81 85 24 7 329 451
52 51 8 7 379 554
94 65 7 6 256 324
5 34 12 4 365 483
64 76 25 4 581 756
97 35 21 6 399 688
33 63 7 2 343 543
9 13 15 7 373 671
99 83 29 1 270 481
65 84 18 7 321 480
50 1 21 2 287 358
94 30 26 1 385 459
62 30 12 5 332 449
37 93 7 5 702 795
50 61 28 2 500 598
35 37 18 5 471 588
38 41 20 3 607 798
68 78 29 3 498 755
71 32 28 7 356 626
42 30 27 2 308 568
76 29 18 4 303 521
94 73 14 1 424 658
28 5 15 3 507 594
98 58 7 1 417 634
25 25 10 1 380 530
93 39 6 7 532 770
22 31 6 7 298 502
3 91 30 6 278 488
61 38 10 7 422 684
97 19 11 5 539 789
80 80 29 6 401 470
57 36 9 5 611 747
68 11 16 6 328 397
70 50 16 1 308 418
95 42 8 1 317 549
74 37 25 7 482 710
96 71 13 5 680 773
65 98 14 5 221 314
24 83 17 7 556 792
52 37 5 5 536 634
80 42 10 3 310 497
51 14 5 2 399 516
23 23 13 5 290 466
22 65 28 5 492 719
39 36 19 7 312 545
77 6 17 7 337 548
49 75 21 2 332 603
2 45 6 1 524 797
39 44 28 6 470 727
39 74 24 6 440 597
33 29 30 3 522 744
25 10 14 3 477 740
43 54 12 5 676 752
51 88 11 7 398 587
68 3 16 5 258 531
2 22 18 3 208 322
96 21 8 4 364 565
60 10 21 3 669 753
40 26 18 7 220 450
1 42 10 3 299 567
98 92 15 7 288 409
1 47 28 6 322 572
14 57 14 2 618 796
37 82 9 1 216 364
68 8 15 3 251 335
45 29 11 7 278 403
10 34 24 3 300 403
22 49 11 7 731 796
21 67 12 3 603 693
100 10 14 3 373 663
73 38 6 4 472 570
17 82 30 3 517 746
37 83 29 6 272 414
27 89 12 5 512 772
74 34 19 6 559 692
35 54 11 2 614 714
10 39 27 2 333 522
16 19 19 4 299 591
70 31 29 5 546 692
20 33 6 4 419 578
41 37 16 3 413 600
36 90 25 7 296 395
7 10 27 7 445 743
94 80 22 5 454 517
83 4 28 6 238 440
59 23 8 2 493 665
84 84 22 6 275 337
54 5 14 4 473 731
97 43 20 5 479 745
33 52 26 2 273 451
19 76 19 6 410 547
94 46 30 3 514 648
14 28 22 3 244 406
77 3 17 1 222 442
85 41 14 4 270 442
66 64 21 7 244 427
85 80 25 1 394 553
39 19 12 1 419 536
91 75 14 7 422 575
84 89 28 7 325 484
71 8 22 1 613 780
82 2 26 2 334 437
91 83 25 7 269 345
19 83 18 2 530 675
81 35 24 6 296 586
51 91 22 3 277 547
23 32 17 5 523 781
51 15 25 4 459 731
20 7 15 5 510 695
94 67 15 7 538 688
93 16 18 1 535 744
77 33 27 7 325 513
7 76 15 5 536 655
63 16 9 6 583 734
76 30 23 2 312 400
45 83 5 2 274 402
93 95 7 4 542 646
85 28 5 3 399 487
93 56 21 7 579 775
73 13 24 2 332 558
77 76 18 4 353 492
70 30 17 3 500 639
24 6 6 5 436 519
63 0 15 3 254 529
49 10 29 2 239 344
17 83 18 1 506 694
12 33 6 3 217 401
32 94 20 3 361 558
48 72 23 4 239 468
17 4 18 6 372 529
47 31 14 1 265 480
95 33 28 4 295 544
75 87 24 7 422 680
4 63 24 4 551 623
96 48 7 3 442 715
21 53 9 4 591 665
93 68 26 1 479 653
96 92 23 1 407 486
61 87 16 5 424 692
88 26 7 3 436 530
62 81 7 7 337 607
79 44 19 6 534 749
61 94 17 5 275 381
82 48 7 1 499 769
60 95 10 4 234 457
83 6 11 2 285 461
64 12 11 6 522 618
69 36 12 3 523 693
22 26 12 1 309 561
42 24 22 3 556 711
62 76 18 5 254 441
69 8 19 6 534 792
33 83 9 6 385 647
73 94 25 1 497 698
94 3 9 5 206 288
55 54 16 7 232 442
21 14 22 3 616 682
82 42 10 6 216 409
49 49 7 4 601 744
92 89 29 2 321 404
91 81 29 5 614 724
85 96 20 5 416 572
