987
67 42 0 0 0 0
95 26 30 2 411 582
46 16 22 4 517 667
52 100 12 2 381 574
8 39 16 3 529 729
29 100 8 2 593 741
99 100 22 3 391 640
100 23 5 4 282 438
6 3 30 6 220 386
37 8 29 7 450 647
96 71 8 4 200 304
38 75 12 7 524 779
58 99 9 3 286 363
8 91 14 1 389 649
47 66 12 6 494 641
100 10 21 2 373 437
24 33 5 3 314 398
89 84 6 6 476 667
100 46 14 5 594 696
73 90 29 2 235 424
74 58 6 1 641 745
65 38 25 4 331 441
85 24 18 3 248 311
40 27 25 6 611 723
13 49 28 5 414 516
91 96 9 7 499 709
11 60 5 3 493 699
86 68 21 3 452 732
73 43 27 4 208 486
51 98 21 5 298 516
8 44 15 4 236 399
68 36 8 5 212 308
5 43 23 7 450 731
78 81 12 5 491 604
37 70 12 7 370 531
79 28 14 1 478 561
54 84 30 6 448 724
25 51 5 4 568 636
60 38 27 6 703 781
70 87 9 1 429 520
67 29 17 4 627 782
39 49 30 3 537 744
23 74 7 5 541 617
20 50 20 2 426 519
25 53 6 3 239 515
23 87 12 2 570 748
47 28 14 4 462 698
55 12 29 7 225 307
39 36 30 7 225 430
36 0 22 1 346 477
5 71 30 1 466 548
86 97 16 2 412 565
65 26 7 1 249 439
63 22 6 1 366 509
3 71 11 3 303 401
25 47 26 4 354 455
2 59 14 7 554 653
49 19 18 3 500 574
33 71 10 4 435 639
88 90 18 2 381 502
13 94 21 5 495 795
4 33 9 5 431 581
94 20 14 4 611 688
94 0 25 6 603 751
91 13 20 3 405 522
57 8 19 2 319 565
52 7 14 7 357 460
100 93 7 2 393 579
38 36 13 5 357 421
92 47 28 1 248 497
32 22 10 3 475 649
2 91 8 7 653 715
8 32 14 7 707 800
88 80 13 6 282 360
55 92 12 7 670 792
26 13 16 6 284 382
43 72 7 7 345 556
37 43 16 1 535 729
34 35 26 7 272 450
0 72 28 6 489 568
85 16 12 5 506 784
93 89 10 7 559 788
61 10 7 5 428 687
85 54 21 4 269 396
40 89 29 4 201 262
96 46 28 5 649 798
3 99 22 7 258 391
87 72 24 1 435 553
49 17 13 5 518 760
30 96 24 2 568 709
35 66 19 3 447 738
47 97 19 7 490 708
39 12 18 7 257 422
33 46 5 6 383 654
94 89 21 4 446 599
46 82 15 1 245 326
24 3 16 1 357 421
18 72 16 3 489 571
83 71 26 5 516 674
94 71 10 4 559 734
24 51 7 6 547 754
59 63 27 1 228 503
93 25 18 3 387 504
14 29 15 2 384 518
84 68 22 2 407 660
90 42 28 7 462 608
91 37 24 3 605 672
62 38 29 7 461 692
81 25 15 6 576 651
69 72 16 7 586 712
26 73 17 6 317 527
94 16 22 6 254 482
80 92 5 1 217 482
91 31 20 5 584 650
24 9 21 7 427 652
46 25 7 5 440 545
1 85 29 1 378 564
38 79 15 2 690 754
95 34 20 2 653 728
31 32 12 3 352 597
14 27 8 1 275 538
53 68 17 4 479 600
72 65 18 1 347 646
19 74 6 7 435 632
30 10 30 4 449 575
32 28 23 3 431 542
72 9 17 7 709 778
50 77 26 5 412 612
57 92 23 1 380 532
83 40 14 5 575 654
50 37 23 6 482 698
16 21 27 2 364 466
88 7 27 6 327 480
28 16 12 6 206 364
82 77 28 1 613 694
38 11 6 2 570 671
3 20 12 3 241 504
84 84 10 6 447 563
56 100 12 3 524 596
82 65 30 6 420 577
3 72 24 5 236 310
34 24 16 1 455 531
80 48 15 5 544 632
85 94 12 6 351 493
75 63 13 3 515 605
34 92 21 7 523 746
95 62 23 7 218 354
15 93 29 3 618 752
93 11 22 2 458 667
97 36 17 5 327 412
22 16 20 6 480 616
8 23 27 2 403 607
6 44 5 4 421 536
51 67 19 1 354 589
20 69 12 4 456 677
64 81 16 4 337 397
45 76 29 6 363 519
1 78 13 2 467 615
53 70 16 7 447 513
64 57 22 1 323 425
5 48 21 1 657 757
51 10 8 1 505 791
61 71 9 5 206 459
0 59 23 3 300 579
37 96 27 4 332 558
92 28 9 3 632 786
16 30 6 5 290 558
38 95 20 2 252 313
40 84 15 6 225 323
49 39 21 6 331 417
11 9 11 4 691 790
39 46 18 4 672 774
78 6 8 7 285 564
0 92 15 1 426 650
84 91 5 7 522 760
11 47 26 4 404 466
55 42 28 2 208 498
65 83 19 6 272 485
62 78 13 3 393 523
63 45 11 1 613 688
12 84 6 2 447 714
74 36 5 1 618 716
84 59 15 1 661 747
5 86 24 1 397 591
82 60 20 7 328 446
49 53 26 2 484 665
43 55 7 3 522 627
42 41 11 6 319 406
88 49 16 2 432 536
84 70 12 6 585 688
45 45 27 7 337 527
57 37 23 4 427 635
71 39 19 2 287 544
27 56 12 2 328 551
28 30 5 5 272 360
59 43 12 2 447 710
91 55 22 4 475 591
89 23 15 3 518 711
38 27 29 4 500 576
11 6 22 2 461 668
54 96 15 4 669 784
88 82 6 2 421 531
72 64 8 7 384 479
72 99 12 6 237 448
10 96 22 7 450 514
54 80 17 6 481 571
21 36 21 1 276 458
61 40 14 2 578 762
79 77 18 2 223 324
65 0 29 7 419 693
37 26 21 4 339 526
65 61 27 6 565 736
91 9 9 7 258 510
41 48 22 1 522 797
52 83 9 2 734 798
35 54 27 1 285 410
36 4 27 6 484 720
12 69 14 5 431 496
43 73 24 5 641 722
20 85 5 1 463 605
9 72 7 2 647 782
62 24 20 4 351 491
100 33 23 6 505 599
7 64 22 1 599 681
85 4 5 6 482 773
61 41 8 2 385 547
77 31 25 5 288 461
34 76 10 7 435 634
89 21 13 7 635 724
39 84 20 2 286 397
55 80 16 2 310 603
5 72 6 2 214 300
98 77 22 3 390 454
65 99 24 2 581 676
36 16 14 1 254 478
37 34 25 5 237 313
99 15 23 1 600 774
83 92 17 6 237 508
10 38 17 5 518 768
11 65 13 5 420 568
64 77 14 1 434 688
9 87 19 2 595 793
6 66 21 1 326 536
99 99 23 6 401 659
97 45 7 6 347 506
76 81 20 2 290 582
20 82 20 4 380 521
15 77 15 6 614 732
17 50 5 4 321 522
87 99 10 4 245 405
63 83 10 1 234 342
71 9 20 7 330 624
93 3 30 6 369 594
98 51 28 6 410 478
33 96 10 4 587 781
20 11 13 3 450 538
94 4 19 2 518 699
39 88 13 5 637 707
58 24 18 6 516 579
19 31 23 1 292 541
41 24 7 4 508 650
46 47 22 6 304 575
62 45 10 3 627 715
30 41 7 3 368 554
24 7 11 5 506 796
1 39 22 6 257 554
94 7 8 5 591 782
74 96 27 3 663 773
31 29 8 6 523 589
44 65 30 7 266 420
37 38 20 2 412 584
31 18 22 4 235 364
90 94 13 6 605 709
74 99 5 2 224 498
57 52 14 3 227 475
6 16 26 1 521 715
52 38 27 1 405 610
23 18 28 2 200 396
8 3 12 3 453 587
71 81 19 4 250 385
16 63 30 7 585 756
87 3 23 1 592 711
79 93 13 5 507 662
66 0 13 5 574 652
2 65 24 3 364 474
20 97 14 2 560 707
3 97 28 6 334 438
95 67 28 2 360 541
78 66 28 1 368 584
2 56 23 5 204 305
25 56 30 2 257 321
28 59 5 4 246 536
36 45 21 3 412 528
2 42 19 6 340 615
77 23 11 5 341 420
100 4 22 7 536 628
24 56 22 5 384 479
89 42 16 4 560 693
39 64 21 2 210 297
59 56 18 7 502 577
55 79 11 3 306 600
0 31 19 5 308 426
100 5 23 7 663 738
33 44 10 7 439 599
50 88 16 2 644 714
60 34 11 2 509 593
16 2 20 2 346 611
50 26 7 2 419 636
47 75 5 6 640 772
70 1 20 6 242 418
18 48 15 5 395 635
52 6 16 6 427 500
45 15 10 4 469 630
84 41 15 7 576 652
1 27 16 2 681 783
48 63 17 7 606 668
62 79 27 3 596 730
48 96 30 7 343 566
75 90 13 6 512 661
97 50 8 3 510 744
47 12 12 7 493 671
33 68 18 6 513 620
42 18 18 5 368 628
63 24 30 1 473 669
75 59 10 3 540 747
69 48 25 6 474 536
58 29 19 3 465 576
91 25 24 5 378 584
32 14 16 6 318 558
52 25 10 6 470 701
38 2 9 1 223 488
61 3 7 3 407 514
67 97 28 1 360 620
83 18 11 5 581 800
74 89 18 1 480 733
8 35 9 1 597 741
33 45 12 3 477 563
54 29 22 3 372 539
30 8 6 3 566 647
34 95 23 2 620 750
94 10 20 2 421 484
84 42 10 4 267 331
67 68 12 5 597 679
79 10 30 2 300 545
97 52 13 1 211 371
38 14 16 1 539 733
4 28 15 5 223 418
96 67 5 5 461 672
2 17 25 7 354 530
69 58 25 7 335 422
19 92 14 1 525 751
5 63 28 1 210 427
7 63 11 5 502 623
77 36 5 1 502 587
13 88 13 1 246 307
16 58 18 4 331 545
95 63 10 6 431 519
82 100 6 6 376 601
66 65 11 7 268 422
85 11 11 4 421 718
22 12 14 1 338 444
53 87 11 6 292 398
86 96 17 3 612 753
30 17 5 1 240 386
60 43 11 2 398 527
14 66 25 5 413 570
84 53 29 1 502 709
76 22 15 2 253 462
92 51 23 6 465 639
19 58 10 2 237 432
83 23 23 6 530 692
43 17 30 4 595 724
52 26 18 5 468 542
27 24 7 7 258 348
5 82 6 4 587 752
70 98 17 4 265 479
49 36 19 6 266 375
61 92 13 2 352 427
36 58 12 6 389 517
53 51 10 5 236 372
41 91 14 4 531 725
28 60 11 7 457 718
34 19 12 5 524 733
91 76 17 7 612 735
69 17 18 4 317 529
8 22 28 4 557 746
9 63 30 1 208 459
46 61 11 5 498 572
85 5 24 2 498 759
51 88 14 6 512 688
22 39 19 4 331 459
46 60 27 7 390 600
6 9 18 7 446 732
73 77 8 6 423 678
80 1 26 5 468 581
54 13 11 4 305 527
41 84 26 6 644 761
43 86 11 3 286 376
12 5 5 7 211 384
60 30 23 7 478 715
68 78 12 5 649 710
38 61 24 2 332 554
86 52 27 6 648 774
85 33 12 3 236 518
3 8 5 5 452 533
25 45 20 7 438 718
46 90 16 7 563 633
75 31 25 7 514 703
8 38 24 7 548 608
28 20 26 4 491 641
37 40 17 6 599 718
61 36 13 6 536 783
77 50 13 3 461 726
53 77 18 5 708 786
5 55 27 4 669 796
84 37 10 6 543 671
85 27 28 5 213 284
54 86 17 4 481 757
64 80 9 4 229 392
82 27 10 5 212 317
86 41 11 2 702 787
34 40 8 3 472 703
74 12 14 6 502 578
67 37 18 1 410 478
5 67 17 2 412 489
70 52 25 1 493 637
29 56 23 7 448 583
24 13 9 2 444 741
21 99 6 3 482 565
34 32 17 1 454 695
54 64 25 6 210 334
38 83 25 3 454 641
12 1 27 3 659 723
16 34 5 2 237 332
51 96 20 3 573 715
47 42 20 3 272 367
11 37 29 2 509 720
38 4 7 2 417 693
74 60 29 7 632 769
80 67 20 6 555 739
53 90 22 6 560 753
17 57 24 5 261 548
69 69 24 7 551 638
25 34 22 2 237 401
63 89 19 3 299 376
100 41 19 3 495 782
43 26 10 2 589 800
67 23 23 7 671 781
12 72 27 2 268 407
8 5 17 6 616 690
93 74 18 5 370 607
74 83 7 7 282 567
25 9 26 7 385 576
74 61 10 1 488 586
93 60 8 4 356 476
64 51 27 3 524 710
50 12 23 6 440 544
21 60 27 6 378 650
72 85 5 4 437 502
10 45 30 4 247 490
20 76 22 3 528 761
70 93 29 4 466 673
60 44 13 3 467 662
26 40 20 5 557 740
20 27 23 2 442 729
94 94 23 7 318 527
10 92 18 3 366 466
92 45 15 4 241 311
47 11 8 3 711 800
13 44 22 2 256 415
55 24 23 2 479 660
91 45 14 6 275 556
22 27 15 5 501 626
24 50 30 3 217 363
99 85 17 4 397 539
14 19 26 2 595 684
53 16 8 1 356 560
81 61 11 4 421 520
63 26 29 7 381 565
15 79 29 2 461 683
7 99 21 5 337 563
12 9 30 7 570 781
61 75 26 1 547 733
10 20 8 6 440 543
51 61 9 6 478 774
71 80 26 2 459 576
67 61 26 4 376 525
82 25 30 4 531 799
88 81 26 4 249 379
80 86 18 4 683 769
23 53 19 6 371 641
25 96 10 4 483 605
7 77 29 2 340 467
38 22 10 3 250 486
96 54 14 1 568 782
18 39 15 6 303 573
49 50 29 5 368 464
26 89 25 6 534 682
4 11 18 5 259 453
38 50 17 2 258 440
32 2 16 1 550 699
25 64 29 6 458 594
86 51 15 6 220 328
61 32 21 7 422 613
68 41 14 1 298 427
97 57 28 2 307 487
41 53 25 2 403 600
3 73 19 1 501 683
20 14 18 5 442 651
10 42 24 6 558 752
65 2 13 4 567 737
2 48 16 2 583 748
42 0 20 5 354 433
90 57 15 1 511 756
96 7 13 7 295 489
28 58 8 2 526 696
8 12 28 4 527 770
19 87 18 5 567 703
39 73 18 5 354 585
59 38 6 5 548 743
58 34 9 2 255 497
39 0 6 4 597 774
67 75 13 4 500 684
56 30 17 1 268 341
91 16 27 4 598 726
91 89 7 1 335 605
40 99 22 3 439 695
15 14 22 2 385 614
89 1 21 4 475 772
21 55 30 5 458 584
77 63 5 2 467 570
18 79 8 5 294 369
1 44 13 7 523 661
83 91 16 5 281 559
17 2 7 6 245 343
25 41 30 2 555 755
96 94 25 1 377 501
59 11 17 3 292 586
100 18 7 5 552 651
15 33 9 7 523 617
39 25 11 3 412 689
19 46 13 5 386 528
81 20 7 1 471 639
77 30 21 7 646 792
73 13 20 1 656 787
39 17 23 2 360 614
77 22 19 1 322 409
52 84 20 1 619 760
51 60 25 6 335 487
41 38 6 5 392 570
96 42 18 2 393 590
18 86 30 2 256 556
79 25 27 3 396 655
48 27 21 7 246 496
24 38 22 4 480 651
1 41 30 5 529 745
5 24 8 6 510 719
62 77 28 3 318 420
84 64 29 1 304 452
19 1 29 3 374 521
65 51 9 1 682 767
62 39 25 6 268 342
91 20 7 5 333 456
62 90 27 7 628 696
56 57 23 1 334 425
56 75 28 3 260 379
83 52 11 3 673 799
45 73 15 7 392 549
17 75 5 4 581 794
79 18 20 1 517 706
98 34 17 2 372 463
40 82 23 2 656 773
68 5 26 5 247 351
52 54 19 5 639 757
24 19 11 7 212 503
63 29 29 3 421 674
36 96 21 2 394 541
54 41 27 2 299 474
75 9 6 1 278 341
12 6 17 3 369 518
68 20 17 1 415 561
75 11 5 4 322 605
43 11 8 2 212 277
31 75 5 4 387 473
82 93 7 3 394 592
76 31 20 1 222 328
10 2 27 1 351 613
83 31 23 7 251 518
0 16 11 5 320 443
9 18 26 6 220 472
99 39 25 5 515 678
47 3 24 2 262 368
6 73 22 2 235 329
14 95 24 2 433 617
80 56 23 6 631 792
32 75 7 6 434 610
43 37 27 7 233 369
18 71 15 3 365 447
46 28 14 4 449 722
70 24 24 4 406 576
47 64 10 3 477 702
91 19 29 7 477 677
59 17 5 1 467 562
72 32 27 6 540 766
71 49 19 6 365 485
89 58 29 5 204 340
95 81 19 7 449 536
48 47 6 4 395 493
82 72 10 4 613 743
58 0 8 4 286 389
78 19 6 3 270 397
30 15 27 6 577 669
80 93 24 1 488 715
41 17 7 4 295 457
22 3 8 7 277 470
76 34 17 2 438 604
97 62 21 4 644 709
5 100 18 7 417 545
35 14 25 5 494 610
3 75 20 4 643 791
80 79 11 7 600 799
8 83 5 7 238 317
60 19 13 4 431 613
28 62 22 3 367 533
85 29 30 4 410 608
63 87 16 5 515 745
24 64 16 7 213 428
96 92 24 6 400 632
43 77 16 3 428 628
80 42 17 2 548 706
69 54 7 4 587 770
92 12 10 6 265 555
70 56 18 7 307 410
4 50 10 4 549 797
82 49 15 3 262 356
51 89 6 5 315 525
63 52 30 7 531 748
1 33 19 7 270 570
99 58 25 2 461 625
94 23 15 5 575 652
6 20 22 2 656 762
95 89 20 2 428 598
18 73 20 5 551 744
20 95 21 5 263 326
73 2 19 5 250 449
42 40 22 4 512 691
17 35 12 4 416 634
7 100 19 4 361 450
47 20 14 3 399 678
5 80 15 2 248 379
56 26 26 2 260 376
60 37 25 1 262 389
85 92 20 6 329 598
45 24 9 1 443 533
19 65 19 4 549 736
47 79 13 1 323 482
32 38 7 7 342 442
48 92 19 2 325 435
86 38 18 6 449 540
75 15 9 2 601 780
76 43 23 6 378 475
43 59 30 3 596 700
36 67 22 5 324 538
15 68 22 5 517 696
31 98 18 1 356 466
27 7 20 6 512 594
61 25 20 4 691 780
54 78 16 5 451 730
54 44 17 7 290 463
59 42 26 3 481 743
88 64 11 6 261 518
31 82 18 7 356 464
31 81 19 1 259 359
100 35 14 7 556 633
92 11 25 4 212 375
9 44 14 7 590 714
87 32 16 6 649 758
32 40 24 7 262 525
5 0 26 5 315 533
16 16 15 6 520 745
39 78 13 6 545 654
44 28 16 2 340 416
45 96 26 2 305 408
50 56 18 5 463 666
26 50 23 2 362 425
81 59 10 1 223 300
49 10 7 2 275 372
91 90 27 4 234 493
53 10 24 5 325 550
18 22 13 5 211 320
10 56 21 3 245 424
48 55 21 5 496 591
99 35 7 5 209 361
92 46 11 1 416 609
70 40 28 1 462 635
62 63 16 3 443 590
7 30 24 7 402 616
51 18 24 4 426 676
79 21 25 1 270 339
72 26 28 5 245 364
55 98 11 7 457 711
42 22 11 5 415 526
45 65 11 3 419 535
48 28 27 1 507 757
30 82 20 7 326 404
66 93 28 5 559 713
0 50 28 2 334 575
100 92 28 1 233 470
32 48 20 5 478 597
99 68 5 4 251 480
25 14 28 5 572 773
59 1 10 6 340 530
11 28 29 4 346 433
1 95 19 2 642 797
94 55 17 7 247 323
58 27 27 5 458 660
37 53 27 5 522 776
47 87 23 2 207 374
89 89 28 7 738 799
27 36 14 5 586 800
22 65 9 2 470 562
18 60 11 3 386 643
39 54 6 5 324 565
49 13 17 1 528 608
8 85 16 4 468 607
23 11 25 3 469 763
17 58 21 1 419 656
5 3 16 7 445 580
96 8 5 3 506 654
33 14 17 5 366 599
97 83 21 6 534 725
5 78 13 7 421 657
2 53 25 3 403 680
89 72 25 7 578 684
34 13 10 7 429 633
66 74 22 1 463 549
38 94 20 5 458 669
100 26 17 7 212 319
22 49 24 7 235 349
37 47 29 4 233 322
77 54 6 7 522 797
89 100 15 6 375 590
89 17 19 4 592 680
9 98 24 1 320 561
26 0 11 3 536 795
85 30 14 4 387 593
3 85 26 5 201 492
87 74 25 5 241 421
57 67 5 1 304 416
83 67 13 3 404 545
97 43 8 2 533 751
32 4 22 3 440 713
28 45 9 5 214 452
77 82 10 3 490 767
85 39 22 4 319 562
2 60 29 3 432 545
30 28 7 1 444 563
67 53 23 5 302 429
9 57 9 1 341 602
94 40 5 1 560 693
71 41 18 7 503 773
100 79 28 2 210 348
53 6 24 2 312 376
87 51 22 7 478 739
53 97 25 5 391 503
26 54 29 1 224 343
9 15 26 2 278 419
86 79 24 4 325 414
26 27 26 4 451 641
100 76 25 3 382 574
91 28 9 4 251 393
86 78 12 4 308 425
40 60 30 6 376 637
8 52 18 5 522 698
74 23 23 7 421 522
15 48 8 6 405 485
51 91 13 1 200 377
26 75 10 6 285 535
31 9 21 3 465 538
58 100 18 4 635 793
49 27 29 4 552 766
30 35 9 6 425 599
78 99 16 4 395 485
98 45 25 7 232 302
38 48 11 2 632 693
76 65 7 4 583 666
92 5 13 6 403 682
68 48 21 4 214 410
51 83 19 6 455 754
35 18 6 4 313 596
14 39 24 1 320 410
64 82 9 6 210 378
93 71 24 6 390 569
44 20 11 4 386 683
36 78 10 4 335 561
29 23 21 2 474 742
63 82 25 7 269 426
87 5 15 4 586 646
15 61 25 3 572 670
15 42 29 6 282 538
16 41 10 4 292 491
39 62 11 7 551 628
91 95 18 5 280 466
71 54 27 3 661 721
72 95 21 6 554 673
45 23 5 3 283 522
77 93 12 7 362 435
57 65 10 1 555 671
83 1 19 4 666 738
70 30 7 1 683 774
20 66 7 4 530 793
62 8 27 7 345 496
44 7 14 5 515 744
5 7 24 7 557 784
62 55 12 7 303 592
86 63 9 5 272 402
65 47 5 5 553 734
23 61 24 4 200 380
100 64 24 1 410 595
91 4 21 5 510 635
79 32 5 1 621 757
86 24 14 2 473 719
81 79 29 3 272 527
4 10 9 6 296 468
17 94 14 6 463 651
82 79 26 6 302 425
42 97 5 7 487 639
0 60 21 4 235 508
17 71 22 7 498 603
43 56 16 2 443 568
45 89 5 5 449 528
99 2 27 2 227 494
93 50 10 4 656 800
14 7 8 3 487 600
14 97 18 4 314 516
91 63 14 5 348 494
80 37 24 7 392 520
9 83 5 2 423 723
87 71 18 3 289 442
61 72 28 4 521 631
35 58 10 4 243 361
97 26 9 1 214 335
99 23 23 3 223 368
67 35 28 3 229 506
75 34 19 5 422 604
16 83 28 1 315 426
9 32 21 7 583 680
28 19 11 2 458 665
48 15 19 2 484 563
53 13 29 6 308 515
67 15 17 2 280 478
70 94 9 6 475 589
73 30 11 7 461 747
51 8 27 1 453 583
18 47 12 4 297 504
14 36 15 6 432 604
20 13 22 5 296 402
91 75 22 4 486 608
71 15 15 4 331 533
9 37 23 2 451 590
73 93 18 3 519 789
14 62 10 1 654 791
35 40 12 3 300 521
21 12 20 4 507 596
20 89 26 4 491 620
100 24 22 4 440 520
13 84 11 3 463 548
4 27 20 5 479 745
33 92 29 1 646 729
13 36 12 4 383 537
51 42 8 4 280 393
96 56 25 5 440 605
27 63 6 1 441 660
25 15 12 6 306 606
42 4 23 4 465 598
10 37 21 3 522 607
16 38 25 3 385 521
77 100 28 7 457 622
1 81 29 3 573 718
18 9 9 4 453 576
100 40 16 3 205 424
25 4 14 2 546 625
58 63 24 3 358 559
61 44 16 3 363 495
37 54 10 3 670 785
74 45 7 7 236 529
20 56 14 3 277 508
90 15 13 3 495 696
23 1 26 3 208 375
63 34 7 6 475 727
54 16 26 5 537 725
16 29 15 5 264 559
52 47 24 2 569 767
18 20 20 4 223 493
72 13 11 4 471 662
99 17 21 2 369 591
79 92 25 6 222 502
67 45 16 4 241 469
34 63 25 3 363 506
33 20 25 3 232 333
45 13 12 2 429 651
72 93 13 6 392 570
25 44 27 1 716 777
22 64 6 5 366 549
0 97 28 3 318 403
6 51 25 5 307 408
49 54 28 4 324 603
88 25 10 1 344 474
33 88 29 2 702 778
52 67 18 7 280 386
27 19 9 6 210 470
34 38 26 1 428 615
93 95 9 4 646 780
61 1 7 7 234 377
83 58 18 7 596 777
0 64 22 1 446 597
55 50 7 7 202 432
77 18 18 2 463 761
65 11 20 1 516 587
94 98 15 2 544 670
6 68 26 7 381 615
92 8 19 7 451 745
21 24 9 6 330 543
25 98 22 2 484 683
11 4 25 5 479 593
42 74 16 5 398 477
36 50 30 3 428 683
54 15 23 4 379 466
85 6 8 4 520 755
100 85 22 3 484 775
83 90 21 5 316 451
62 89 24 2 449 541
65 12 14 1 617 709
58 82 21 7 212 361
26 17 14 6 663 781
69 0 27 2 215 315
4 60 26 6 240 355
14 86 22 2 422 679
0 11 12 5 517 655
76 38 30 1 478 570
59 99 22 5 407 582
4 25 13 4 386 458
62 50 6 7 333 445
99 49 10 5 401 485
27 48 11 2 568 754
71 59 19 6 225 406
81 98 5 3 269 548
55 53 9 4 422 557
29 70 7 6 611 786
74 52 14 2 698 782
100 88 14 6 405 487
4 42 13 7 607 745
6 55 15 5 412 545
7 12 20 7 423 672
48 14 17 7 544 780
40 18 15 3 321 531
88 77 30 7 658 732
16 11 23 2 289 358
77 68 22 2 321 473
71 86 30 2 344 447
94 44 10 3 286 456
68 91 22 1 424 514
43 52 18 7 303 408
24 89 12 6 595 740
55 93 16 1 400 637
88 12 28 3 398 624
95 38 29 6 384 609
92 86 15 1 211 493
13 20 25 2 470 755
64 60 26 4 504 614
70 67 29 7 334 592
69 35 27 5 391 609
18 77 15 7 356 506
59 88 25 3 449 718
26 68 20 3 253 506
74 14 23 6 271 485
19 33 5 3 500 767
75 55 24 1 212 362
5 96 14 1 436 551
48 11 30 5 569 742
23 42 16 7 467 540
22 41 10 6 510 660
10 34 18 4 305 553
2 99 15 3 506 793
10 22 8 1 506 651
29 61 6 4 326 412
11 83 28 3 547 732
