953
20 88 0 0 0 0
37 76 11 4 234 497
23 22 30 4 314 461
26 88 21 4 317 469
56 92 15 1 547 650
47 77 21 1 468 690
74 28 13 3 300 503
83 59 22 5 259 475
62 20 11 1 526 634
16 58 10 7 279 539
67 50 23 4 288 534
92 70 15 7 303 440
75 3 30 1 525 751
43 17 10 7 525 718
31 52 11 4 584 664
39 35 28 4 243 416
56 82 5 3 235 473
65 4 28 1 567 687
72 80 11 6 345 448
39 69 26 3 228 423
44 78 11 3 283 576
12 62 16 7 466 571
61 21 16 2 220 429
44 63 27 1 386 574
17 39 20 5 360 586
88 100 23 1 372 526
21 89 12 5 223 333
74 50 19 5 223 331
3 63 6 3 474 765
10 64 28 5 423 670
37 53 13 4 323 459
70 87 12 6 300 394
46 29 19 1 267 564
93 46 19 2 279 570
99 12 6 4 413 618
19 11 5 5 414 577
59 4 16 5 642 762
2 15 27 5 711 788
63 93 8 5 367 562
53 78 11 6 368 655
5 35 18 5 215 391
89 29 16 3 655 760
68 2 25 2 513 708
13 35 24 6 469 570
25 57 23 5 250 457
60 3 14 5 491 743
21 39 23 4 464 690
58 37 6 5 583 680
97 67 10 1 217 385
46 43 13 7 442 641
89 43 5 7 581 766
54 31 30 4 269 554
81 11 21 4 280 545
47 65 23 4 582 789
22 12 15 1 513 744
27 25 16 6 617 678
69 94 18 6 241 518
16 70 13 2 246 512
64 92 22 6 365 551
98 69 24 5 589 736
55 1 16 5 347 473
88 40 6 2 368 478
38 13 9 4 215 375
68 29 18 7 314 452
47 76 24 2 404 589
53 91 25 7 483 744
85 75 22 4 388 463
27 39 7 4 329 447
42 31 26 6 542 787
96 64 5 4 427 679
71 42 28 2 411 524
0 23 8 6 436 600
55 65 22 6 333 459
89 46 21 2 547 699
14 74 17 1 226 468
31 65 25 5 496 646
93 84 24 7 345 578
79 80 8 4 520 771
34 1 7 6 575 715
17 79 19 3 418 635
5 62 7 4 309 595
100 92 16 7 351 649
92 67 30 1 568 762
65 14 19 1 442 645
21 64 9 5 273 355
13 45 11 5 529 608
57 16 28 7 302 384
51 58 10 7 659 786
63 70 19 2 448 510
84 81 25 5 616 723
60 21 25 7 494 555
79 6 25 5 398 507
57 48 24 2 388 464
14 64 21 3 333 475
71 75 9 4 287 521
86 26 9 7 349 442
82 52 18 7 365 604
68 95 9 2 453 572
78 52 17 2 412 548
0 0 25 2 360 469
20 59 17 1 351 474
15 66 10 3 574 776
62 18 8 2 652 790
28 66 16 3 257 472
41 27 10 4 488 694
6 2 30 1 256 329
26 68 8 5 490 583
5 10 30 1 542 688
89 6 10 5 426 681
98 12 14 5 228 499
28 8 14 6 241 516
21 50 6 3 266 404
95 46 6 3 489 764
33 9 26 5 299 360
40 36 16 4 269 422
90 55 21 6 317 582
38 33 13 2 224 512
51 98 18 3 372 525
70 98 5 3 250 360
28 98 23 6 527 626
46 50 8 7 259 409
69 27 24 5 559 800
38 30 30 1 603 761
71 23 12 4 519 679
82 25 23 4 464 695
65 12 28 6 570 633
0 99 27 5 330 395
72 20 27 4 499 773
3 11 28 1 335 584
32 54 27 2 320 517
61 14 18 3 530 764
92 96 14 4 382 512
68 6 26 7 209 333
75 94 9 2 253 367
47 58 13 3 419 589
1 8 30 5 571 684
11 88 8 2 296 482
12 32 20 2 379 616
96 49 6 2 435 550
1 53 24 5 518 614
70 18 11 4 491 598
94 30 11 4 393 560
54 17 13 1 289 447
55 19 20 2 334 623
24 5 6 1 257 481
82 41 24 3 382 661
26 99 26 6 731 792
37 88 28 1 300 460
22 51 23 6 525 724
88 12 12 4 440 662
37 52 18 1 492 617
95 32 19 2 475 573
23 66 8 2 430 534
72 33 24 7 575 749
35 52 29 2 396 631
78 37 13 5 407 670
57 87 18 6 630 789
96 40 6 4 212 512
68 74 15 5 277 509
33 100 24 2 464 735
73 27 14 1 393 631
81 3 16 5 482 753
31 69 5 5 376 584
56 32 23 5 314 521
47 33 7 3 608 753
47 60 17 3 222 471
25 47 11 3 461 534
81 19 27 7 524 586
58 47 20 1 489 657
58 20 10 2 501 581
93 78 26 4 280 417
51 82 27 1 270 418
42 19 30 5 591 741
63 45 19 3 455 596
6 8 22 7 275 562
99 14 30 2 486 685
23 27 10 6 247 314
14 9 5 2 401 637
13 43 26 6 351 551
55 39 30 1 241 531
52 10 16 4 353 638
17 65 8 7 523 793
59 56 22 1 610 785
33 36 23 5 322 387
58 42 8 3 583 677
39 55 15 6 573 774
37 1 18 3 334 578
21 26 5 3 397 598
37 66 15 7 219 409
53 21 21 6 517 742
49 26 8 2 283 391
95 9 13 7 323 476
10 41 7 5 342 596
62 70 8 6 703 782
40 68 13 3 451 584
35 91 12 3 579 664
39 3 8 5 351 580
34 95 5 3 600 792
16 11 18 2 489 659
17 27 17 3 441 631
31 49 9 6 551 683
64 67 11 5 620 690
66 37 12 5 569 633
64 62 26 3 387 519
88 61 30 7 413 705
32 36 12 6 362 467
31 59 26 7 625 772
52 94 7 5 212 315
5 37 16 5 717 788
7 82 27 7 525 715
16 45 9 7 516 661
57 64 8 2 491 734
61 48 17 1 449 632
8 8 17 6 242 350
19 45 25 7 557 782
84 31 5 4 638 777
68 48 19 2 413 544
73 56 25 3 496 641
20 55 15 1 208 420
16 68 13 6 310 587
23 10 30 4 592 762
33 49 14 4 267 558
51 4 6 1 326 404
43 52 8 3 419 590
25 65 25 2 333 532
72 40 25 4 512 705
61 46 12 3 480 768
12 8 17 4 660 740
72 85 10 1 578 652
56 6 11 4 518 589
98 62 20 2 370 571
40 83 20 2 432 551
31 20 22 7 409 530
75 1 14 5 365 441
12 74 16 2 298 375
76 69 9 3 496 606
31 100 28 4 543 642
75 98 14 4 237 536
46 76 26 6 398 464
66 2 7 2 529 741
99 32 20 6 450 718
13 46 30 5 415 703
30 70 18 6 321 404
11 23 26 4 563 758
89 31 10 5 622 767
43 36 30 3 354 587
70 92 8 3 548 775
17 1 22 1 411 511
48 41 13 4 237 371
90 99 23 2 427 585
96 30 30 6 246 423
30 76 14 2 322 547
11 56 25 6 352 425
89 82 12 2 546 697
45 33 11 7 324 590
33 13 16 7 580 729
18 68 27 4 300 565
39 77 19 7 574 683
72 17 30 2 645 714
56 25 18 3 445 717
24 40 5 5 316 492
7 100 10 3 565 629
88 28 24 1 326 461
75 4 30 5 252 543
91 100 11 1 248 482
25 14 19 4 221 486
43 46 9 3 266 344
94 83 26 6 377 555
85 54 21 6 216 381
51 86 8 1 292 571
45 62 12 2 506 762
92 53 17 4 221 382
77 13 11 6 637 748
1 51 6 5 359 580
62 50 16 2 213 463
19 41 7 6 353 621
76 46 19 7 562 678
13 51 21 7 467 613
14 3 14 6 420 677
13 61 27 4 652 784
6 6 9 3 506 720
51 100 6 1 402 630
87 25 26 3 217 321
24 37 29 7 631 736
40 32 9 1 616 754
47 25 7 6 360 655
44 75 16 3 417 623
93 52 13 4 430 615
25 95 17 3 462 528
0 35 15 6 306 495
53 6 21 3 351 558
34 39 6 4 202 344
30 11 15 5 387 581
71 81 30 4 496 607
59 69 25 2 581 677
86 66 20 1 204 375
45 38 23 6 402 638
10 62 20 2 514 646
100 50 26 1 510 650
83 72 29 2 245 373
42 88 26 2 458 593
57 39 11 6 533 730
44 98 12 6 317 447
36 90 17 7 280 452
51 46 16 2 376 494
22 80 28 1 202 311
30 8 16 3 346 518
35 92 28 4 427 513
67 61 14 1 633 760
24 18 19 1 205 325
10 44 11 5 278 526
78 57 21 2 539 626
68 67 14 5 239 315
98 26 15 5 301 535
28 80 25 4 262 558
96 41 21 3 571 649
67 46 29 3 526 697
18 13 17 5 220 381
51 85 6 1 367 630
19 67 18 4 230 456
22 98 24 6 583 761
38 99 20 2 639 727
19 4 27 2 477 632
72 78 10 1 234 405
35 90 22 4 610 708
63 84 19 2 580 716
39 88 12 5 321 463
52 69 10 2 271 459
29 89 22 2 232 327
89 45 11 4 420 706
75 16 22 7 505 778
70 21 26 4 575 726
67 31 17 2 462 743
44 47 12 6 344 615
40 37 12 1 247 511
24 22 27 1 416 531
94 55 15 5 358 532
34 93 8 7 292 472
52 84 18 2 582 716
88 88 8 3 352 620
43 19 27 2 352 601
51 16 26 1 507 770
17 87 10 7 308 477
63 25 15 5 706 772
0 77 29 1 660 800
78 88 7 4 601 737
30 10 19 6 444 629
90 39 9 7 425 562
54 91 27 4 239 473
41 78 25 3 589 783
90 97 20 7 271 559
28 42 15 4 654 738
65 49 9 2 323 383
92 6 18 5 651 721
7 24 7 1 330 586
75 71 23 5 240 503
95 49 25 6 309 383
16 38 5 3 347 646
53 13 30 4 408 606
15 67 26 6 348 623
52 38 13 2 571 654
43 88 9 7 532 788
4 16 25 5 363 600
18 82 28 6 685 762
77 99 14 4 269 489
22 30 16 4 334 484
42 2 12 7 604 709
14 24 24 1 225 513
61 92 19 3 611 715
50 13 16 1 434 673
68 32 27 1 274 398
66 67 23 2 244 373
72 2 28 3 384 463
71 34 13 1 379 508
67 79 24 2 213 416
79 19 20 5 289 516
51 10 12 4 287 530
52 6 8 3 354 640
3 16 27 3 366 518
45 86 10 3 205 505
12 61 30 6 534 624
57 58 13 4 212 388
88 15 26 5 317 533
21 83 23 4 435 541
68 70 24 7 643 796
65 29 9 3 290 563
41 60 26 6 254 330
67 10 12 5 694 760
43 27 22 6 246 463
69 83 13 2 502 750
55 4 23 6 620 762
75 50 13 4 229 331
73 30 21 2 520 581
82 14 21 7 459 582
45 97 27 4 680 764
82 59 7 3 476 582
36 34 18 6 221 439
20 78 22 4 429 577
68 64 18 7 350 484
7 63 22 1 597 663
76 11 27 6 604 677
99 100 18 6 463 527
44 16 23 6 520 775
21 47 29 1 269 477
57 19 11 5 318 582
31 38 10 7 430 556
29 0 26 6 300 471
43 74 19 4 501 754
28 44 13 4 284 401
47 21 22 2 688 748
4 34 5 4 570 799
13 85 18 5 515 752
43 68 30 1 283 573
21 60 9 4 520 741
59 26 16 6 356 487
34 5 17 1 340 551
12 7 21 2 650 799
6 78 22 2 467 670
26 4 30 3 246 393
22 65 28 3 323 538
20 26 6 1 455 654
88 26 7 5 454 560
88 43 26 3 663 751
84 69 28 5 394 671
32 3 26 4 580 715
47 41 15 5 274 403
15 44 20 6 439 681
56 95 11 2 424 551
5 50 23 6 452 586
0 66 16 4 649 721
29 12 16 3 585 717
36 60 27 5 312 610
85 43 24 2 652 778
75 89 28 5 406 655
26 64 11 5 651 792
38 8 6 6 328 539
75 88 9 6 285 355
8 49 22 4 585 668
59 72 7 1 349 538
72 69 30 5 440 591
75 30 17 1 262 503
95 88 21 2 372 513
82 71 22 7 359 428
12 88 25 5 655 743
0 55 29 1 322 522
4 68 10 3 428 725
4 4 17 7 599 788
26 12 22 5 361 436
70 1 13 4 471 612
63 42 7 1 537 675
32 76 6 4 552 626
53 62 25 1 611 711
97 73 6 1 222 381
20 92 28 6 536 637
76 2 25 1 234 520
70 54 27 3 642 776
4 32 17 5 273 365
42 10 28 5 355 541
12 77 6 2 475 607
64 82 18 4 557 633
88 13 11 3 476 657
51 55 29 5 551 644
30 24 30 6 213 397
15 46 21 4 330 583
17 28 14 3 484 559
75 53 25 2 281 432
57 5 18 7 381 628
26 45 22 4 573 767
55 32 23 6 605 726
42 85 23 3 260 480
9 2 22 5 414 550
36 94 11 5 385 558
7 33 19 6 583 788
45 58 16 4 571 640
54 15 21 2 351 498
46 5 5 4 626 757
85 8 19 5 449 680
50 53 30 7 499 686
6 45 25 3 243 535
20 85 15 4 514 663
41 17 7 2 637 724
59 40 24 4 349 410
80 31 25 4 331 560
95 78 27 3 355 512
73 14 14 7 336 435
64 79 25 6 489 623
2 31 21 1 613 692
14 52 15 6 245 455
22 40 14 1 256 477
89 70 15 7 280 340
75 21 5 2 389 491
75 46 29 4 240 446
73 83 8 3 477 554
76 16 6 6 206 301
55 38 27 2 388 547
92 58 14 5 214 320
75 84 20 4 512 731
74 66 28 1 448 620
73 87 17 5 487 778
75 59 14 7 483 698
50 99 6 1 585 786
33 52 26 4 733 799
53 67 14 4 364 543
42 95 6 5 441 539
90 7 7 1 565 684
41 55 24 7 502 608
97 36 16 2 486 758
100 55 28 3 568 761
29 31 8 1 457 722
25 59 17 3 225 468
18 37 9 1 244 331
58 86 27 6 244 354
12 37 18 4 307 397
63 39 30 7 353 595
54 61 10 1 377 660
31 50 9 1 461 572
71 28 23 4 279 546
24 3 25 5 360 491
35 15 27 6 325 476
10 88 11 1 213 473
79 15 18 1 330 515
57 20 25 7 453 647
88 7 14 4 266 475
35 29 17 4 336 601
12 26 14 1 457 573
100 64 8 5 605 780
73 82 27 6 604 790
20 83 8 7 509 765
64 84 5 6 507 677
26 23 19 5 680 761
72 35 26 3 676 768
33 48 6 2 280 357
86 49 10 7 358 614
4 65 22 1 503 789
53 45 14 6 269 383
33 63 5 1 423 717
100 47 28 3 394 487
16 82 25 7 543 707
6 22 13 1 380 654
35 6 12 7 459 566
33 43 9 4 243 366
76 88 8 4 427 572
87 33 11 1 404 475
66 92 20 5 219 403
24 74 19 6 228 505
70 79 10 6 653 719
25 46 7 2 202 344
1 77 5 2 570 658
82 8 29 2 259 332
62 21 7 5 440 643
67 58 21 1 433 555
43 23 18 4 281 547
78 13 13 4 403 646
76 1 10 1 472 712
18 20 24 4 302 577
83 71 21 5 567 652
65 79 11 2 555 680
78 15 30 6 543 781
44 86 10 7 247 545
60 19 16 2 338 503
25 88 23 5 258 362
54 84 26 5 326 473
79 56 8 2 231 428
11 7 14 1 344 418
54 25 27 2 555 724
90 56 13 7 616 676
91 56 13 1 573 778
63 50 12 1 330 460
17 80 5 4 627 761
80 49 19 7 421 657
33 66 25 4 509 664
2 75 21 6 278 367
100 26 25 3 420 480
51 11 8 4 222 285
13 74 18 4 381 473
21 77 25 2 656 746
11 45 8 6 455 617
78 56 11 6 421 531
8 76 17 3 451 680
1 41 19 4 354 474
63 64 24 4 294 402
39 13 25 3 267 473
89 73 15 6 630 720
59 52 13 5 247 331
49 94 29 1 367 437
63 82 12 1 269 400
48 31 18 7 485 701
63 44 16 7 340 553
9 84 24 2 451 523
37 55 28 5 332 526
27 75 26 7 392 570
7 23 6 5 483 724
48 63 27 6 443 525
60 89 23 4 304 459
76 81 21 3 487 592
23 46 19 6 307 589
58 31 23 1 492 560
38 38 16 4 526 627
24 68 16 7 218 431
100 98 9 4 346 420
80 7 22 4 396 593
77 67 17 3 209 459
77 66 5 1 491 577
65 37 29 5 352 560
86 97 16 7 600 777
70 20 5 6 702 785
77 69 30 6 216 467
89 30 26 7 588 780
91 20 9 7 500 605
83 94 27 2 217 446
25 56 20 6 447 668
19 32 20 7 549 621
74 64 19 3 395 693
22 77 22 7 226 469
27 59 20 7 348 421
2 19 12 3 204 314
76 68 23 4 394 454
88 56 16 5 666 771
3 0 13 5 569 653
9 89 10 3 484 595
36 2 14 7 206 433
53 49 29 2 445 690
80 14 14 5 317 604
20 98 17 1 289 445
82 29 17 7 256 334
2 100 21 3 269 524
59 36 7 3 343 428
45 41 15 6 479 760
63 8 7 5 285 471
39 56 30 1 690 785
36 64 27 6 321 429
5 73 29 2 465 616
6 34 14 3 456 652
48 97 13 3 336 616
63 72 22 3 616 706
82 35 7 1 242 369
53 74 29 4 543 710
14 50 29 3 279 400
57 23 20 4 361 531
92 99 30 5 530 657
79 53 26 6 328 483
95 66 23 5 385 491
59 59 27 6 266 356
1 19 25 2 406 637
67 56 16 1 500 790
15 85 27 7 426 618
2 38 20 2 218 369
97 58 27 3 361 424
8 89 23 3 393 649
15 70 19 3 509 722
99 35 23 2 319 608
21 17 8 3 563 671
97 12 15 2 490 720
47 2 5 4 395 625
92 3 24 3 487 751
57 55 6 6 265 455
72 56 26 6 492 629
17 17 18 3 592 685
63 68 26 4 370 656
92 21 27 7 366 556
76 72 11 1 396 514
15 99 21 2 232 421
63 19 12 4 638 729
32 41 9 4 719 800
81 51 26 2 667 765
61 82 13 1 480 567
27 91 5 7 460 622
73 52 23 3 272 415
86 84 15 5 556 719
96 33 14 6 203 300
37 25 19 6 280 543
39 39 25 4 293 558
0 43 20 2 613 734
18 26 27 5 302 549
5 38 8 2 390 528
98 85 13 3 268 523
72 16 5 6 401 547
20 39 6 1 595 777
32 71 27 2 358 468
49 64 20 4 354 604
98 6 22 5 500 649
99 16 29 7 270 518
71 26 30 5 363 597
68 47 11 4 309 397
52 93 29 3 456 623
76 25 7 2 689 769
74 27 17 4 350 462
34 21 14 3 352 527
23 33 22 1 459 553
66 94 19 7 325 590
86 23 30 3 364 548
30 98 29 4 213 323
9 86 29 5 400 633
56 38 29 3 409 687
26 10 14 7 680 749
83 29 29 3 266 384
47 9 17 3 238 386
21 68 6 4 555 630
31 24 24 6 358 605
69 55 17 1 262 382
70 2 21 5 210 395
4 24 11 2 489 644
21 86 22 4 211 469
18 63 26 1 377 489
56 2 17 1 468 702
62 51 12 3 269 379
8 51 23 2 697 795
86 54 15 4 320 483
17 33 12 1 400 659
71 15 13 6 567 650
65 82 24 3 210 457
40 6 30 5 448 543
20 58 10 2 435 561
42 73 16 1 505 686
94 91 27 5 731 797
67 12 28 6 220 444
82 5 30 5 387 499
0 36 24 2 504 676
44 45 8 1 637 735
16 42 5 2 393 578
86 71 23 1 367 639
25 90 20 6 549 765
54 45 18 5 556 759
45 85 7 2 493 674
74 71 21 4 482 551
57 51 19 1 543 749
48 72 6 4 586 761
24 46 16 4 415 559
60 66 25 2 241 430
60 7 23 2 226 397
68 51 24 5 296 384
23 15 19 3 298 492
68 53 11 4 537 679
94 81 17 1 537 737
94 38 19 4 431 604
59 33 20 5 312 554
62 53 8 4 430 555
64 2 5 7 573 702
59 13 20 5 559 640
37 54 26 5 457 626
59 94 10 3 636 773
58 92 20 6 451 602
71 56 16 6 379 551
97 26 24 5 212 373
15 76 21 2 662 763
53 20 17 2 416 548
81 33 15 4 432 536
1 91 11 5 422 651
33 91 28 7 217 464
22 1 6 7 430 676
40 81 29 2 242 318
73 67 25 5 439 658
10 100 14 4 347 607
29 69 10 2 435 662
80 98 15 4 525 760
7 55 10 3 664 789
73 62 5 6 609 699
38 54 24 6 206 272
14 49 28 6 397 528
3 32 8 6 529 639
8 27 21 7 345 598
88 98 13 2 325 502
37 62 10 7 317 527
0 42 7 3 216 455
39 53 7 2 618 796
34 52 23 5 523 800
48 56 13 3 269 566
79 78 20 7 389 674
97 0 27 3 409 574
100 60 17 1 408 648
37 40 22 7 279 402
35 96 17 5 350 595
50 2 17 2 374 521
52 54 10 7 452 638
18 45 7 7 689 769
9 22 28 3 346 428
16 56 28 3 547 656
80 27 29 1 531 603
100 67 25 3 507 589
64 15 19 7 481 553
69 12 20 1 230 425
28 25 25 1 465 608
21 71 18 4 532 631
43 44 17 5 311 463
87 47 29 3 377 613
7 39 10 2 278 431
91 57 12 2 573 743
66 31 15 6 531 669
85 50 20 1 309 479
82 81 14 5 225 449
95 34 6 3 245 419
40 28 28 7 671 784
37 65 27 6 474 708
0 62 27 7 339 423
11 74 11 7 232 492
78 41 27 3 711 783
43 93 15 7 202 475
77 59 30 1 305 386
14 27 24 3 384 620
55 16 29 4 379 617
15 62 28 2 262 464
77 81 28 3 315 536
26 72 23 7 484 772
60 87 25 6 518 614
54 10 16 4 542 671
0 4 28 7 435 654
0 83 26 6 471 547
84 100 13 4 528 591
65 55 30 2 509 799
77 2 19 5 391 590
74 57 12 5 486 580
25 73 14 4 461 686
15 93 29 1 518 741
8 74 10 5 223 302
47 68 20 5 647 732
3 51 27 7 455 642
97 33 24 1 200 406
68 19 30 5 253 381
18 36 28 5 445 655
19 0 12 6 241 414
70 14 27 1 367 531
46 53 15 6 347 523
32 51 26 3 590 664
57 35 7 6 301 479
34 41 23 2 701 777
72 79 26 3 425 706
79 29 13 7 637 747
41 35 24 7 405 558
37 50 15 5 254 371
89 26 24 2 514 631
39 36 30 7 643 714
69 98 29 2 678 753
19 68 30 6 491 552
61 8 17 5 544 640
38 9 17 5 509 688
50 23 19 4 392 522
58 71 13 6 265 342
19 60 22 4 574 757
49 21 21 6 275 376
44 3 19 4 276 536
41 97 18 4 425 550
63 28 18 4 248 499
24 90 19 4 586 717
98 28 22 2 535 624
39 98 9 1 495 639
73 44 10 1 585 741
29 5 8 4 405 592
48 58 12 2 319 380
98 59 17 2 438 512
78 40 20 3 478 572
100 48 16 2 474 700
42 76 28 6 539 745
66 100 12 6 568 686
43 70 8 6 266 454
77 46 22 2 616 795
98 78 25 4 402 484
17 78 30 1 298 469
2 92 16 4 205 374
45 16 18 2 508 774
31 42 10 3 398 669
50 30 28 5 221 455
50 66 17 1 584 761
80 57 11 3 517 666
48 88 20 6 491 727
9 88 27 4 200 434
75 31 12 7 293 488
4 82 27 4 605 702
75 76 7 2 658 746
93 10 14 5 245 535
30 2 15 4 457 536
91 14 7 5 470 580
90 74 30 1 268 485
100 43 20 1 570 688
31 39 14 3 219 505
92 62 27 5 366 519
40 88 6 3 265 410
18 87 15 4 293 361
39 87 29 2 356 567
89 9 18 4 278 560
71 13 8 2 441 662
83 57 13 4 574 741
73 61 19 6 619 720
97 15 13 4 691 763
52 98 11 2 417 612
68 45 26 4 403 540
75 27 21 7 557 742
4 76 10 2 679 758
73 54 18 6 366 601
15 22 7 5 278 362
54 95 20 4 336 469
91 35 27 6 249 466
91 74 27 3 336 599
38 59 22 4 447 727
12 51 12 4 204 357
17 82 13 2 339 556
85 100 7 4 495 639
90 61 29 7 443 631
58 38 28 6 374 611
76 66 10 3 350 597
82 53 25 1 388 511
35 2 14 5 288 522
0 89 12 5 272 546
75 43 6 6 607 758
67 17 10 6 454 629
21 63 25 1 531 717
97 13 21 4 423 546
59 21 22 2 629 696
13 55 5 7 293 440
49 56 7 1 426 610
68 91 10 3 327 399
36 87 7 5 241 456
48 19 23 2 497 583
49 91 20 3 467 602
51 12 18 1 625 690
79 44 19 2 206 431
95 28 25 6 261 484
78 67 30 3 437 618
90 44 18 7 492 654
19 87 11 2 478 761
80 22 19 1 400 591
68 23 25 1 312 388
21 95 7 7 363 657
21 27 11 7 549 793
91 58 14 5 696 762
64 75 23 7 225 468
94 9 17 5 272 439
62 17 18 7 380 677
47 14 8 4 240 315
44 26 9 7 594 747
31 62 30 5 538 604
30 23 17 1 532 690
69 79 20 5 283 525
80 48 22 5 340 615
42 29 10 2 372 440
45 72 9 5 317 490
58 18 7 3 480 542
59 75 7 6 381 627
1 44 24 4 523 596
62 28 28 5 375 536
81 96 19 6 374 647
78 80 21 2 476 711
94 63 17 6 449 706
8 48 9 3 295 536
73 51 12 4 343 563
16 53 23 4 511 682
65 35 7 1 599 753
92 73 23 5 651 736
42 21 5 7 366 540
96 26 23 2 441 741
38 35 9 2 314 595
67 92 27 3 507 656
93 56 7 3 227 408
82 98 15 3 460 685
