944
92 10 0 0 0 0
69 42 28 3 278 375
98 72 10 3 515 663
7 32 28 2 548 611
56 86 5 4 490 719
67 56 16 5 364 535
11 93 18 4 385 671
30 59 9 6 539 689
29 58 6 6 284 544
24 66 13 2 385 585
4 48 22 5 305 416
45 93 13 7 281 344
76 68 26 7 426 585
58 18 19 2 224 288
84 4 17 3 452 677
61 10 28 2 693 782
19 4 23 7 225 320
28 97 5 1 348 478
34 18 17 5 554 645
74 12 23 5 455 543
45 24 14 5 597 766
3 56 6 7 518 663
26 91 7 3 569 694
28 10 9 4 292 444
94 14 26 5 381 644
89 76 19 4 501 679
57 83 21 4 266 479
11 85 14 1 489 643
47 95 18 5 305 515
97 73 12 2 334 471
0 67 28 1 324 577
94 37 22 6 442 613
16 20 15 7 398 562
93 89 29 5 268 462
31 35 29 4 284 373
24 78 16 1 393 627
17 79 20 1 454 546
35 26 20 3 311 433
74 21 11 7 534 688
78 4 9 3 624 755
62 27 9 3 259 534
28 52 11 1 404 594
35 46 23 5 340 431
27 41 12 1 445 556
18 58 28 5 301 367
51 16 29 6 590 690
71 15 8 1 516 606
42 9 21 5 280 493
44 69 24 4 527 757
28 12 5 5 293 400
29 41 23 5 230 431
67 100 26 2 447 710
32 8 10 2 476 753
2 25 8 4 245 413
42 22 15 2 369 480
96 71 23 6 342 526
47 40 13 4 239 376
0 35 22 5 297 392
76 71 8 1 270 493
45 56 20 5 478 539
72 83 20 7 571 688
65 37 5 3 378 677
25 90 12 7 394 616
50 71 13 4 389 605
69 53 21 7 532 687
79 74 15 5 362 422
61 50 5 3 339 554
4 3 5 3 432 692
34 91 30 2 536 676
99 54 15 7 305 408
9 0 25 7 389 480
15 0 13 2 584 748
17 94 19 6 511 704
1 2 19 4 431 681
65 97 30 5 488 555
26 3 14 1 229 493
41 21 5 3 441 603
49 29 6 7 382 473
50 76 24 2 460 607
90 89 21 7 485 618
60 100 8 5 302 525
9 83 27 7 618 775
83 62 25 5 385 513
18 23 5 6 499 789
98 81 30 2 625 798
49 69 7 1 615 692
15 43 20 6 277 545
70 3 10 5 418 565
19 75 6 7 234 490
16 12 14 1 343 517
86 39 7 2 484 743
57 20 17 5 229 443
93 1 9 3 273 406
27 92 7 5 448 583
99 74 29 5 205 395
87 90 17 6 298 494
58 14 17 1 535 648
43 78 21 6 577 732
99 11 30 4 467 553
85 58 25 5 279 533
50 73 26 4 504 728
24 65 28 3 535 754
79 28 14 3 408 558
82 54 26 7 302 406
53 37 5 4 225 432
92 72 21 1 673 769
14 47 11 5 501 640
73 87 24 1 587 655
93 60 28 2 330 454
44 54 27 6 553 730
1 89 14 1 376 586
21 91 20 3 518 724
37 80 5 2 487 684
66 0 16 7 531 794
54 57 30 6 389 563
39 68 27 2 447 741
86 49 10 5 273 402
70 43 9 1 335 546
73 57 27 6 382 630
0 34 22 6 625 800
66 50 16 4 530 748
82 70 30 7 692 753
50 92 21 6 494 644
69 82 5 6 425 585
89 55 11 6 250 354
22 38 27 7 473 657
39 39 16 5 354 468
83 30 23 7 316 598
30 81 11 1 653 776
69 68 18 1 311 438
84 51 30 2 650 754
3 90 24 4 631 771
63 5 14 6 228 516
68 50 22 1 249 545
60 92 30 2 641 752
55 78 15 7 471 684
19 45 30 7 415 618
71 11 9 6 297 440
45 4 9 4 207 457
94 100 30 2 437 631
100 54 21 4 563 637
50 74 24 1 435 719
9 93 9 2 311 489
1 59 6 7 306 460
75 64 16 4 487 615
94 88 28 1 255 356
91 86 25 6 453 691
83 14 11 7 586 659
55 25 5 3 434 685
57 3 15 6 251 523
88 83 18 3 303 425
47 56 22 6 293 522
10 77 6 5 339 493
26 16 18 1 444 548
11 13 29 3 436 624
5 25 16 5 424 567
95 76 17 1 208 418
21 65 19 6 230 455
25 38 27 5 376 628
52 37 18 5 338 626
24 27 29 5 541 602
1 16 23 1 215 485
64 2 24 3 373 662
40 82 10 2 263 494
63 4 19 6 384 511
96 92 11 3 255 323
54 67 6 4 343 588
44 36 22 3 607 759
93 4 23 2 377 574
35 71 13 6 593 734
2 10 30 3 377 643
67 77 6 7 261 327
46 96 15 6 684 751
9 26 24 4 467 716
34 77 21 7 443 510
15 73 18 5 727 800
31 78 8 5 229 504
60 64 23 1 433 568
74 29 21 7 402 689
71 65 11 6 667 736
56 38 15 4 389 500
89 67 14 3 245 335
15 35 27 6 339 507
18 38 25 2 584 722
65 20 15 3 232 510
42 17 7 3 242 422
86 13 19 5 453 517
95 67 11 4 278 511
61 64 20 7 482 562
59 91 7 6 398 634
28 89 22 2 419 635
28 36 27 3 410 550
23 89 6 7 655 764
69 94 28 2 325 400
67 76 27 6 393 674
54 73 20 1 425 534
79 25 14 4 405 554
43 19 11 4 474 733
29 34 27 5 438 606
64 88 9 5 588 713
67 82 14 5 279 346
99 34 27 5 532 774
58 21 29 7 366 649
65 23 25 7 440 584
91 62 14 6 240 431
22 97 29 7 265 549
21 16 23 2 491 706
46 16 6 5 300 597
78 53 5 1 340 407
42 20 13 6 296 535
3 32 26 4 401 462
16 38 21 4 246 395
16 14 25 1 275 456
91 99 11 6 357 524
92 77 9 7 256 489
80 79 29 1 642 714
47 85 8 1 235 480
64 19 13 5 506 721
11 11 7 2 292 557
85 66 29 5 300 595
51 69 29 1 265 350
62 33 16 2 471 636
45 18 10 3 417 524
24 62 8 5 418 561
0 55 7 7 316 433
14 95 15 3 533 651
56 63 12 1 515 620
17 88 23 2 297 457
0 82 30 3 636 746
70 76 17 6 482 685
79 48 6 3 227 375
51 62 20 6 358 573
28 23 7 2 456 544
30 13 17 2 384 448
71 66 15 3 518 785
11 62 17 5 233 495
37 45 6 7 399 492
66 9 30 1 377 598
42 37 11 6 387 685
75 93 19 7 248 437
7 90 12 6 585 651
51 57 7 6 537 693
83 100 29 5 353 421
61 61 16 7 575 666
85 3 10 5 618 709
24 49 26 6 385 516
14 93 16 4 373 583
73 93 13 1 331 583
40 46 30 7 380 478
81 43 30 2 569 633
92 69 10 7 378 497
19 6 28 6 483 638
38 54 7 4 580 732
94 7 26 6 387 468
83 19 22 6 382 600
64 26 28 2 214 412
97 43 9 1 379 620
56 35 24 3 444 682
6 99 11 4 250 374
64 37 8 6 262 510
34 95 18 6 473 603
58 57 25 5 638 709
20 69 23 5 202 363
51 72 11 5 379 450
87 6 7 3 277 354
61 26 30 2 491 627
14 16 30 5 285 347
91 19 23 2 451 623
60 39 16 7 212 333
26 38 6 6 420 662
9 36 22 3 656 738
88 93 7 3 463 726
98 66 20 4 637 795
5 30 15 2 301 390
66 95 21 4 356 602
100 5 18 3 608 704
93 38 26 2 461 617
31 18 14 1 415 481
58 15 13 5 370 439
72 92 17 3 631 777
37 99 8 3 201 364
94 74 28 3 560 774
55 89 28 4 605 752
77 65 12 4 372 446
27 51 17 3 262 438
72 94 26 3 465 722
82 94 23 1 393 668
35 11 29 2 668 762
26 67 12 7 551 727
32 62 5 4 423 616
59 96 25 3 402 573
52 21 29 2 370 533
36 91 29 7 493 558
69 86 23 5 353 444
70 53 24 4 546 712
74 78 16 4 478 576
100 38 17 3 232 450
36 24 15 1 487 706
60 20 13 6 296 361
0 100 10 7 311 418
36 77 9 5 451 604
33 51 17 5 225 350
6 14 27 4 425 632
79 78 19 1 246 365
33 94 21 5 362 503
25 88 29 2 441 586
28 8 29 5 527 796
46 84 13 3 243 460
13 56 21 1 342 553
32 57 20 3 418 577
31 3 29 1 401 490
63 75 12 6 556 747
8 84 22 2 203 329
47 97 24 4 355 587
65 8 14 3 666 756
77 9 20 3 427 579
95 39 7 3 241 386
53 24 15 1 486 764
43 3 15 5 575 717
28 27 19 3 271 523
18 76 13 3 419 712
75 28 30 7 430 629
62 23 9 6 492 632
72 71 23 5 577 712
19 42 11 4 307 497
83 77 30 1 343 613
78 74 27 4 341 607
3 24 18 2 277 375
6 72 12 3 277 368
26 89 13 1 521 672
20 41 23 4 319 553
85 64 24 1 277 422
44 58 15 2 216 495
75 37 12 7 594 712
5 36 23 1 208 452
1 0 6 3 627 756
36 12 20 1 434 605
86 86 25 3 267 526
53 54 16 2 572 746
67 31 6 4 471 744
58 48 6 1 337 509
38 40 11 4 218 474
12 43 12 1 530 711
47 42 17 6 354 556
4 46 23 4 631 719
9 18 7 2 650 765
71 39 9 1 318 576
44 17 5 1 399 649
64 40 25 5 509 681
49 81 26 4 634 727
27 42 5 6 269 371
64 7 15 2 534 608
97 49 5 5 666 774
65 42 23 3 312 512
72 70 27 7 241 376
15 56 12 5 391 646
42 83 28 3 327 484
80 74 25 2 583 684
54 63 19 7 248 341
70 84 20 7 621 773
56 68 29 1 638 785
32 11 22 7 503 614
97 13 16 1 378 567
47 94 16 3 455 561
97 78 29 3 592 687
82 86 15 5 523 764
0 31 16 1 227 348
42 60 14 1 438 501
62 53 9 7 244 429
53 31 7 1 215 435
8 41 5 4 343 461
33 11 22 6 544 647
14 11 29 7 416 515
35 75 14 6 293 386
87 67 24 1 586 662
73 56 5 7 354 504
63 97 11 1 558 782
89 34 7 1 259 447
37 18 17 3 564 667
41 56 18 1 639 793
9 41 15 2 373 644
85 6 26 4 447 737
18 56 23 7 472 752
27 55 7 2 390 461
12 24 14 4 359 421
79 98 8 3 273 383
11 9 8 7 253 543
26 28 8 2 504 754
88 81 6 1 351 619
63 67 17 4 655 733
75 43 18 3 419 496
11 10 17 2 379 523
30 54 5 3 437 732
88 26 8 5 480 553
61 37 10 7 320 482
2 28 15 4 394 487
21 4 23 6 287 485
8 17 19 7 243 481
12 88 28 4 290 426
55 16 25 7 376 543
12 33 20 3 341 613
95 94 8 5 250 328
55 74 16 1 280 522
47 18 5 5 400 593
52 69 14 3 484 761
44 64 24 3 540 661
92 32 9 2 300 547
7 15 8 5 392 532
98 85 24 7 396 546
81 41 17 5 256 543
41 35 28 3 271 542
77 50 26 1 530 738
78 57 17 6 429 493
30 53 17 1 482 593
74 60 13 1 561 668
5 31 11 7 337 411
90 75 27 7 475 725
93 99 5 2 241 419
84 42 28 2 432 677
29 45 21 2 365 431
29 57 23 1 331 392
6 94 5 6 544 783
64 29 20 6 484 630
16 37 23 3 406 617
62 38 12 1 313 465
7 77 5 2 331 446
84 65 9 2 310 490
27 19 26 5 231 354
73 15 12 3 372 542
8 52 7 5 372 594
33 89 20 1 224 396
19 94 6 1 355 468
51 35 24 6 588 675
54 47 23 2 597 794
72 48 12 4 490 722
6 54 6 7 541 605
22 77 30 7 486 711
26 69 17 1 516 756
89 63 23 6 604 726
76 24 22 1 484 618
9 100 8 1 480 716
32 75 16 6 401 697
88 13 14 2 411 644
67 85 11 5 652 762
20 93 7 6 565 761
19 89 14 6 205 481
67 1 9 3 430 591
80 72 21 7 274 391
45 86 23 5 444 507
19 52 23 1 557 798
29 78 26 1 266 506
92 21 5 4 570 763
70 58 16 3 400 625
53 0 11 5 494 634
13 38 21 3 208 312
96 38 15 1 510 622
17 41 23 1 293 416
69 52 8 2 419 687
24 3 22 3 426 501
75 35 20 6 448 540
3 85 25 6 230 429
22 18 11 2 351 646
49 64 6 7 267 340
84 73 20 2 465 543
41 47 13 4 695 789
5 93 8 3 536 633
96 27 23 6 330 452
44 43 8 3 265 399
19 93 6 5 355 551
98 45 28 4 566 746
45 90 28 1 650 722
15 81 13 3 396 617
14 38 17 4 451 681
30 41 17 6 258 338
44 89 7 4 494 686
84 30 15 6 335 472
91 38 30 6 469 618
95 1 8 4 495 629
90 54 25 2 716 791
99 32 16 1 477 639
94 85 18 5 401 644
48 96 25 4 537 793
48 36 8 7 476 641
73 64 7 7 572 739
20 84 23 6 435 643
18 62 25 6 229 450
16 97 11 7 457 679
81 59 11 7 252 402
28 53 15 5 500 605
33 62 12 7 341 459
83 53 30 2 677 778
84 29 23 1 493 605
97 71 10 6 235 428
54 90 20 5 241 489
98 87 16 3 501 754
90 9 15 2 236 422
81 15 19 4 694 799
37 1 27 2 248 403
9 62 28 1 448 576
60 79 26 2 560 637
16 46 16 5 465 742
42 53 18 5 480 651
93 44 12 7 237 329
59 54 9 3 403 510
85 9 24 5 292 491
71 19 18 4 311 431
45 45 21 7 527 754
60 31 10 1 649 769
40 27 5 5 513 758
89 93 6 5 280 365
20 96 5 1 536 753
30 3 21 6 467 729
90 83 25 7 529 710
12 51 18 4 490 614
11 3 22 2 492 731
54 28 26 4 578 655
23 46 9 7 377 465
93 32 8 2 381 477
16 48 21 3 357 422
15 71 22 7 284 401
93 83 16 4 462 704
13 8 12 7 446 645
44 1 26 1 282 390
83 66 11 7 268 533
39 83 10 6 256 530
31 56 17 4 565 740
60 1 17 5 238 325
69 40 12 7 438 616
52 83 22 7 585 694
100 39 28 6 423 542
7 86 21 3 281 358
5 28 13 6 529 697
36 67 24 7 440 592
49 13 9 1 436 619
45 61 19 5 223 368
10 90 14 2 446 702
80 12 24 7 471 562
29 75 13 4 227 506
0 46 9 1 479 622
20 43 20 1 501 742
100 24 8 7 550 750
28 14 7 4 430 568
44 70 8 1 207 414
63 64 11 2 483 753
7 98 30 3 727 800
63 94 30 1 437 618
13 20 28 4 294 568
52 74 26 6 249 526
90 58 5 6 264 470
47 51 29 4 242 536
65 12 13 3 573 761
86 6 19 5 398 616
88 82 18 5 250 354
80 81 13 4 358 603
14 82 8 6 534 687
92 89 25 1 309 489
25 49 25 4 370 630
61 60 30 5 420 565
47 65 16 7 419 563
32 88 25 4 618 730
9 44 10 1 277 425
33 18 24 4 231 482
68 71 22 5 233 346
57 4 30 1 567 749
96 83 24 2 363 535
11 79 16 4 424 635
62 14 18 3 261 333
41 73 26 1 224 346
38 58 27 6 242 380
3 98 16 3 349 422
78 7 20 5 630 757
35 8 23 3 490 773
97 39 20 5 247 312
32 28 21 3 515 605
96 19 17 6 409 525
85 49 22 6 678 743
63 65 7 6 212 442
44 66 14 6 643 748
92 83 7 4 460 558
52 81 21 6 380 642
97 30 14 3 548 686
34 41 28 4 415 656
57 7 23 7 393 527
0 37 5 4 236 309
89 88 5 4 235 386
31 37 30 1 594 767
10 57 5 7 534 731
95 42 26 3 587 706
2 11 26 4 591 715
82 31 17 5 398 610
18 61 5 7 495 661
60 9 10 2 612 780
53 71 8 7 639 781
42 6 9 5 525 786
69 64 15 7 584 694
95 88 16 2 370 645
96 78 19 7 670 733
67 18 23 2 347 522
42 74 19 4 530 625
51 70 25 1 370 643
12 37 18 1 442 726
79 69 9 6 374 458
26 83 22 3 438 581
42 30 9 3 201 287
7 62 15 2 314 548
25 100 23 6 459 682
60 51 10 3 637 708
35 42 8 1 289 370
68 78 7 1 442 554
6 29 16 2 358 568
60 74 5 1 517 725
69 70 30 7 394 485
3 33 17 7 378 574
60 22 16 4 315 550
43 86 10 1 263 410
25 91 11 2 541 691
47 11 11 1 393 594
2 84 20 6 334 409
88 62 21 5 577 754
72 54 28 1 546 737
50 3 20 2 464 629
30 2 16 2 249 445
59 69 11 2 537 658
99 98 29 1 208 490
68 80 9 6 302 395
6 49 23 1 607 737
94 77 12 4 420 504
63 54 11 2 518 639
66 93 5 6 201 465
60 40 18 3 273 556
40 94 13 4 325 504
90 88 19 5 643 782
29 81 29 4 511 675
18 46 30 7 652 791
48 99 19 4 588 652
22 24 19 2 206 371
45 0 16 5 324 560
95 32 23 1 463 716
44 21 20 3 417 513
9 67 28 1 219 283
17 30 9 1 521 748
57 65 10 3 315 472
4 6 18 4 365 560
10 41 23 3 418 512
34 8 30 2 546 687
41 42 21 5 512 736
48 28 19 4 230 360
93 61 16 1 246 454
1 28 18 5 488 685
68 21 20 2 395 502
46 12 21 6 461 697
84 80 19 7 442 563
80 0 9 6 497 688
74 96 27 5 524 777
78 88 17 2 359 546
92 50 30 7 360 427
57 81 12 6 669 735
59 28 10 4 688 768
17 12 5 6 371 531
86 7 26 3 491 683
39 86 15 5 329 421
45 98 27 7 684 775
88 76 24 4 449 562
80 76 20 3 224 440
57 84 14 6 499 622
71 94 30 5 320 618
90 36 19 7 465 545
78 81 16 3 290 417
40 15 21 1 338 480
93 47 11 5 619 782
52 47 7 2 628 710
1 36 21 3 215 419
72 39 10 6 217 423
56 2 30 7 558 748
29 20 17 4 525 780
59 51 22 1 507 717
19 7 30 5 680 745
14 86 21 5 212 306
77 34 20 3 453 661
21 39 10 4 626 720
5 6 20 4 272 415
9 8 22 4 479 743
35 68 7 1 519 754
89 94 30 6 298 535
42 10 13 5 494 783
6 62 11 4 221 328
8 68 24 1 438 526
51 36 28 7 256 462
75 41 22 6 543 758
100 15 29 2 210 336
4 36 15 7 575 759
78 78 7 6 326 480
5 78 13 2 504 741
0 60 9 3 232 364
87 35 15 5 376 440
51 75 10 7 473 592
29 99 5 4 461 671
11 42 28 5 231 387
19 41 24 5 449 743
82 51 19 4 455 686
33 66 25 5 360 537
23 75 28 7 255 383
46 100 25 6 507 747
88 59 30 3 542 673
42 72 15 7 434 666
22 40 21 4 622 777
99 36 9 3 397 553
76 90 24 6 240 302
44 0 7 3 262 555
59 33 30 3 227 502
2 18 23 5 506 593
8 12 21 5 543 633
66 3 28 2 427 620
3 67 29 6 470 618
2 48 16 6 349 642
57 71 25 2 440 684
14 6 6 6 280 443
30 47 15 6 431 548
27 22 10 7 674 756
1 45 18 5 439 536
95 17 23 3 472 642
54 80 9 4 579 772
18 12 5 5 212 455
2 68 11 3 588 799
51 45 12 3 641 715
100 7 7 7 545 715
61 40 8 2 338 472
51 94 29 6 357 523
2 45 12 4 386 496
7 11 13 4 642 772
90 32 30 3 224 364
30 65 15 4 226 314
51 20 14 4 271 554
40 43 23 4 319 531
25 75 9 6 467 730
23 91 5 2 534 799
36 36 27 6 337 607
81 83 30 5 374 488
97 64 13 6 372 672
67 22 8 7 205 504
22 44 11 7 380 627
19 47 5 3 447 524
44 18 6 7 516 660
78 32 22 7 581 660
92 19 20 5 207 359
40 90 21 2 470 717
67 61 17 6 245 426
56 65 23 1 488 737
60 37 11 6 253 540
42 76 21 5 317 399
67 51 13 5 489 713
61 44 6 4 335 484
18 7 29 3 212 273
40 23 11 2 289 562
28 40 13 4 314 409
33 64 24 1 261 526
56 4 17 4 477 717
87 46 9 4 282 544
73 43 5 3 502 571
10 80 10 5 354 572
40 29 26 3 274 392
66 30 23 3 496 758
77 86 11 4 209 387
66 96 29 2 417 494
86 85 5 2 343 460
94 17 24 6 657 719
89 24 22 7 544 748
54 97 27 7 265 479
70 89 13 2 436 612
1 79 5 4 305 569
38 97 10 6 238 322
32 80 30 2 374 590
87 53 27 6 289 407
30 37 18 6 341 514
41 40 5 4 555 621
34 2 13 6 451 603
76 5 21 6 685 783
8 35 21 4 302 444
87 33 23 6 541 619
64 81 13 5 337 500
74 26 21 3 615 680
49 19 6 1 350 420
71 67 22 5 392 466
49 68 26 2 531 718
12 35 19 5 494 713
43 79 28 1 299 382
70 68 27 4 462 581
27 45 25 2 432 632
57 100 6 6 417 592
57 51 21 4 544 719
29 68 16 6 320 605
57 99 6 2 560 747
35 85 11 3 379 616
32 53 10 3 432 632
25 71 19 2 484 568
23 18 11 5 479 625
8 60 16 7 478 565
42 51 30 6 238 510
92 41 10 6 437 595
22 72 7 2 399 530
56 3 21 1 437 699
42 81 17 3 622 710
8 33 11 3 417 662
78 99 24 7 262 554
73 39 14 3 202 480
19 16 10 1 557 682
51 30 21 3 333 531
31 94 8 7 236 536
71 5 24 7 277 560
40 56 26 1 680 781
11 94 26 5 568 770
14 64 5 1 306 438
1 63 26 4 709 771
82 91 11 4 547 626
29 64 19 3 387 606
72 26 21 2 212 439
8 62 12 2 204 401
16 54 20 6 247 544
97 63 21 3 523 598
95 47 27 5 463 534
23 90 7 5 365 558
29 94 7 7 396 550
84 37 15 4 373 644
96 67 9 4 257 390
3 92 13 5 220 360
33 73 27 1 628 759
78 86 13 6 256 440
97 88 26 7 641 733
48 92 27 2 545 646
37 13 13 1 228 371
29 29 12 2 582 709
72 99 12 7 318 439
97 32 8 3 269 441
71 84 10 2 359 615
12 67 14 1 415 598
84 43 16 3 308 412
95 77 23 6 389 513
72 28 5 1 559 668
32 23 18 4 332 514
90 90 30 4 619 688
45 59 20 2 364 550
39 37 5 7 335 623
89 46 5 5 479 711
9 28 12 7 332 568
14 62 28 5 315 384
71 44 15 2 428 561
80 39 26 6 372 462
74 74 24 1 570 695
62 43 24 7 340 422
49 70 20 1 290 573
7 69 24 6 252 448
98 95 9 1 715 780
45 95 15 5 361 645
56 29 17 5 446 557
12 14 16 4 451 730
83 8 10 3 358 619
41 88 14 3 223 514
7 61 11 3 368 556
45 100 7 5 598 741
92 70 14 4 494 742
34 100 26 7 367 625
9 72 21 1 260 472
61 22 28 5 465 685
11 76 27 5 260 421
93 93 14 4 211 363
3 79 14 3 322 385
59 19 5 5 242 349
19 2 18 6 314 562
74 75 29 5 435 511
67 75 16 1 326 601
16 18 9 2 620 717
75 82 28 5 536 774
99 23 27 2 225 323
38 93 27 6 490 660
29 40 28 7 500 585
88 11 30 1 244 323
65 73 29 1 547 646
8 75 24 2 577 695
62 1 12 1 345 637
6 69 7 2 391 634
61 49 7 1 462 666
35 2 16 7 426 570
4 82 12 3 641 736
33 63 25 6 645 765
73 78 5 4 217 460
61 31 20 6 557 648
54 35 6 2 331 521
12 4 28 4 406 624
6 0 21 3 248 387
87 58 20 2 205 425
67 67 8 6 552 630
65 32 17 3 270 526
69 69 21 1 516 770
45 51 7 1 619 691
97 61 29 6 489 738
1 51 10 6 286 523
17 38 11 1 666 744
83 1 24 4 298 430
15 44 20 4 573 781
36 88 12 2 212 337
80 24 10 2 378 465
70 81 11 6 561 771
27 46 9 4 492 564
42 15 13 2 377 444
95 93 19 7 628 748
50 44 21 1 448 666
43 0 27 1 327 546
93 56 14 4 584 745
98 60 28 5 418 492
10 25 18 7 268 480
38 67 20 5 701 783
10 84 21 7 536 626
12 87 22 5 598 659
78 31 17 7 501 617
48 97 15 7 361 585
50 87 6 3 279 569
28 63 7 3 358 653
11 53 5 4 297 493
80 56 24 7 225 327
67 46 20 7 364 473
98 78 20 1 462 545
53 46 18 7 513 661
5 95 5 7 351 580
48 15 17 6 428 577
8 96 17 7 217 297
83 36 28 3 434 732
10 71 24 2 529 607
97 34 26 4 211 396
14 55 28 2 444 510
43 6 5 5 325 556
97 60 16 1 274 547
68 70 24 3 327 429
25 11 11 5 301 437
29 80 27 3 379 620
12 77 18 3 542 670
6 40 26 3 269 426
11 37 21 1 206 422
95 92 15 6 600 774
59 71 16 2 427 495
41 78 28 3 440 609
8 99 13 6 305 457
98 27 11 6 584 647
63 38 14 3 433 649
57 5 20 3 619 783
