839
43 94 0 0 0 0
33 79 29 2 301 389
72 76 7 3 350 488
80 3 14 6 282 342
54 13 22 2 653 781
100 16 8 7 681 793
33 83 20 7 519 609
71 52 29 1 499 641
84 61 19 2 258 461
96 98 10 2 252 408
92 31 29 4 293 377
29 42 20 4 281 506
52 82 15 4 346 407
18 94 9 6 263 452
73 21 28 4 340 544
85 35 28 7 328 540
82 74 5 6 506 777
89 53 22 1 567 694
76 71 15 4 246 307
74 71 21 3 356 428
58 68 5 1 387 474
91 47 12 5 365 652
72 72 24 1 402 680
23 28 10 2 230 354
76 95 17 4 478 652
1 25 30 3 594 697
10 80 7 4 524 774
71 81 26 6 323 498
27 8 18 1 200 419
36 85 7 7 248 333
51 14 13 1 228 425
51 47 6 3 570 724
92 33 26 3 655 787
14 32 27 5 534 732
37 96 26 5 295 457
47 21 28 5 455 548
82 99 28 4 479 579
11 7 13 5 346 639
29 13 23 4 680 780
85 93 7 6 486 629
98 23 30 4 418 621
48 43 15 2 643 774
30 5 6 7 649 766
54 31 19 7 290 522
49 30 21 5 240 526
0 14 23 3 376 462
42 50 14 7 319 500
64 63 25 7 371 597
20 2 26 1 233 472
91 100 21 6 540 752
66 11 12 7 427 636
59 87 9 2 374 437
76 54 19 2 438 669
54 46 13 6 663 798
23 51 30 6 514 595
6 84 14 3 235 522
36 71 22 3 448 538
55 58 7 4 521 741
37 10 28 1 386 656
68 55 26 2 610 711
38 32 18 6 400 638
76 15 16 4 472 614
7 91 24 3 215 470
61 64 24 2 411 591
56 86 30 5 562 717
28 68 13 2 338 486
39 27 27 4 431 617
15 59 5 3 445 717
71 5 6 1 603 780
13 23 22 4 317 381
78 21 20 7 311 475
86 57 28 1 309 402
76 70 28 3 624 772
35 47 20 6 406 613
59 35 24 5 531 744
90 6 13 3 249 364
2 18 10 3 201 414
82 30 21 1 441 656
42 9 29 1 516 709
8 64 12 4 403 607
42 67 21 4 419 496
15 61 24 4 611 678
41 64 26 3 374 617
51 15 28 5 658 793
94 37 26 2 260 414
70 1 9 2 488 552
71 10 26 2 359 636
14 53 24 4 495 585
27 14 21 1 536 673
83 54 12 5 335 473
67 5 10 5 318 489
88 3 9 2 531 613
75 0 15 1 402 622
87 43 6 1 366 594
82 5 30 7 283 575
76 22 15 2 394 464
72 17 7 2 369 643
8 42 8 3 336 603
32 12 28 2 354 434
90 57 26 7 290 506
90 59 28 4 314 607
9 16 16 4 346 511
27 18 19 4 254 369
35 49 15 2 471 596
40 69 6 5 274 512
26 42 6 3 240 512
20 0 16 2 525 732
52 46 30 2 623 769
51 71 29 5 611 796
73 61 25 4 679 767
30 51 27 6 413 482
95 96 20 4 695 792
47 94 21 7 238 386
93 75 24 7 409 585
60 71 14 7 500 603
0 47 28 7 245 401
10 7 30 2 347 521
68 38 6 5 228 376
57 41 22 3 397 631
0 49 11 6 208 376
23 37 24 7 422 609
68 21 21 6 411 596
52 40 26 5 241 319
74 86 11 2 522 733
99 71 22 6 558 797
11 36 9 1 329 457
19 47 12 6 691 774
37 12 20 1 482 774
82 57 28 6 506 566
17 98 14 5 541 769
77 0 29 6 596 657
52 42 8 6 625 772
78 26 20 4 431 631
13 44 10 6 470 626
31 98 6 3 596 731
9 74 11 1 296 523
64 13 9 2 492 587
69 1 14 7 384 597
72 98 27 6 261 495
15 78 7 2 530 790
16 79 26 6 431 665
29 78 23 1 538 687
7 14 17 1 214 465
81 22 13 1 343 633
31 97 20 6 543 616
95 99 25 5 420 500
28 13 28 2 422 673
68 49 10 1 613 773
13 87 22 7 238 440
34 22 10 2 217 404
2 25 7 7 316 524
67 59 5 6 413 670
74 49 28 5 482 658
56 87 25 1 596 726
22 23 15 7 529 749
68 60 14 6 575 658
8 17 23 1 400 576
98 43 21 5 393 576
11 58 30 2 465 568
42 35 30 3 411 489
5 15 22 3 436 697
30 81 11 5 623 725
58 97 11 5 387 655
100 14 6 6 355 634
100 29 19 5 484 752
30 95 22 7 279 531
87 95 16 6 344 416
46 43 24 6 534 597
61 18 13 2 465 648
86 46 11 6 214 405
61 68 14 7 302 521
73 90 21 1 257 516
7 42 29 4 605 673
46 18 16 3 334 443
12 39 26 6 624 800
63 43 21 6 341 574
6 30 11 2 208 304
66 44 19 2 200 451
60 81 18 6 347 599
93 87 29 1 604 765
59 54 24 1 257 468
55 32 14 7 371 564
64 37 20 3 352 510
95 68 6 1 571 765
59 25 9 4 547 739
77 76 29 2 524 604
84 41 26 2 257 326
80 66 14 6 652 757
1 11 19 5 341 476
95 77 21 7 454 660
78 92 17 2 247 338
98 73 17 6 416 573
29 97 17 3 496 755
37 25 7 5 531 711
60 7 6 2 200 337
64 20 30 3 221 449
16 75 22 7 551 670
93 6 22 6 228 416
71 75 23 4 229 422
9 48 20 5 470 674
28 99 13 3 344 504
60 17 20 3 348 467
37 22 7 3 301 445
84 20 27 2 405 612
24 88 14 3 478 690
26 83 18 5 465 693
0 35 18 2 413 634
40 36 24 6 225 473
62 79 5 1 258 556
48 32 30 3 317 419
4 59 7 1 641 721
93 38 6 4 261 442
40 18 8 7 237 525
43 57 27 5 226 439
28 91 24 6 304 495
30 21 13 1 651 732
30 9 26 2 225 524
96 15 27 2 597 662
39 40 25 3 548 671
26 5 12 2 209 271
45 55 27 5 414 561
14 1 17 3 509 691
72 20 10 6 497 617
17 37 24 7 454 673
57 76 9 2 223 482
46 10 29 5 645 794
15 74 28 4 701 767
65 97 10 1 421 505
80 94 27 6 713 783
93 69 15 6 565 781
50 38 6 3 300 564
100 9 22 5 400 598
33 78 30 4 233 466
27 89 6 6 579 784
91 90 23 3 240 357
9 2 30 4 200 451
14 12 28 7 656 763
4 77 13 5 555 800
78 73 14 2 348 546
10 25 23 5 471 545
83 66 14 7 565 728
21 69 27 5 288 357
11 24 11 1 346 423
43 36 24 3 519 689
5 76 10 4 575 699
72 13 8 2 200 271
56 27 23 4 433 507
29 77 8 3 523 619
65 74 16 2 229 301
54 84 10 5 508 723
12 94 15 1 529 674
18 64 6 3 364 444
42 4 21 5 488 587
90 67 29 6 655 776
71 29 11 6 372 499
44 63 10 5 508 786
35 13 26 5 376 623
80 21 21 3 383 538
88 78 29 6 352 559
27 48 10 5 227 505
24 92 12 1 409 571
89 94 13 7 350 620
3 81 14 3 510 647
66 62 22 4 617 761
51 36 26 7 617 745
30 53 19 4 341 610
45 52 23 1 277 546
18 32 23 2 597 766
72 94 11 5 503 777
11 23 18 4 606 755
91 24 28 7 669 789
26 75 7 3 206 380
39 41 9 7 529 748
85 23 16 7 557 617
76 16 26 4 287 352
34 96 20 7 693 775
36 82 26 2 484 623
32 41 13 5 272 552
42 91 27 1 234 460
22 28 19 5 512 585
9 80 12 2 201 272
86 38 21 4 298 366
83 90 27 3 641 771
43 98 15 3 221 384
74 68 12 3 668 800
15 1 12 3 414 493
25 68 27 7 321 390
98 97 21 2 573 661
86 19 28 2 431 695
34 49 6 4 457 576
24 28 7 6 205 420
48 16 29 6 253 334
35 91 11 2 439 725
65 58 30 6 395 564
25 58 11 1 508 706
58 45 22 3 506 636
27 65 16 1 627 769
90 88 22 6 461 727
48 40 17 1 375 665
49 76 12 3 302 472
98 50 9 3 589 650
89 76 29 7 640 733
1 48 29 2 420 673
19 87 10 5 204 407
15 55 28 1 247 422
18 7 27 1 394 604
35 64 19 3 249 398
23 17 30 4 484 781
36 45 22 4 687 760
43 63 10 4 522 691
48 47 11 1 334 630
46 8 16 7 516 780
99 30 6 1 532 699
85 61 8 1 674 777
81 88 30 1 470 600
28 70 17 1 242 489
30 37 16 3 626 796
14 37 17 6 232 345
97 70 23 7 611 674
45 42 10 2 532 666
10 56 10 7 554 775
30 82 16 4 602 796
5 40 7 5 496 652
67 23 6 2 238 523
4 17 27 7 571 749
99 54 9 3 425 579
61 70 8 4 222 405
79 18 7 3 238 345
60 45 19 4 222 344
39 32 27 4 456 646
60 21 24 7 505 747
1 50 29 7 300 576
8 68 17 5 519 670
13 48 17 7 223 307
48 66 21 6 264 464
71 94 12 1 263 512
98 68 17 6 480 587
73 22 7 7 643 727
83 51 9 7 570 730
46 16 27 6 532 667
59 44 15 4 621 774
2 92 18 5 628 703
84 70 14 3 250 385
49 59 21 5 560 785
36 76 14 3 418 625
46 6 10 2 217 392
21 78 18 3 206 432
57 94 14 6 285 452
19 17 26 5 250 458
32 45 13 5 346 555
33 2 8 7 445 547
25 26 17 2 478 740
51 84 10 2 495 787
25 69 13 4 267 523
34 8 19 7 613 708
61 59 27 3 270 467
18 38 16 4 648 739
86 72 13 6 462 624
66 38 30 7 418 602
41 93 21 2 567 631
70 17 7 7 307 412
98 54 9 6 361 599
23 97 19 2 543 690
21 53 11 7 352 627
34 18 21 4 217 277
38 57 25 6 384 604
86 33 8 6 603 747
70 12 10 6 551 611
28 86 16 2 456 639
47 58 11 4 374 577
12 41 18 4 258 421
44 26 26 3 374 626
77 87 19 5 655 791
98 39 14 2 291 537
55 62 14 4 362 434
14 21 21 4 294 386
3 30 17 5 383 475
12 58 13 3 313 386
33 29 18 3 327 550
91 42 27 3 216 468
91 38 8 2 469 607
40 39 15 7 355 464
58 50 9 4 353 595
29 21 17 5 557 631
91 26 23 1 562 729
9 4 30 2 210 375
88 27 24 3 473 663
0 87 6 1 623 721
67 9 29 5 281 433
44 39 22 4 544 667
84 60 27 3 522 776
69 79 20 4 337 516
83 87 26 2 530 797
52 96 21 4 297 404
52 65 9 3 367 467
57 1 26 6 330 607
81 19 5 6 499 693
4 76 11 5 350 610
67 94 20 6 449 518
41 20 29 4 249 336
8 71 28 3 595 706
78 5 25 3 210 474
7 77 9 6 484 632
6 36 30 4 387 636
69 89 25 6 206 418
21 98 15 4 394 669
55 31 10 5 571 720
34 24 27 3 452 530
5 23 16 6 318 386
64 31 18 5 483 704
26 17 7 5 256 474
95 60 8 4 466 645
16 5 9 1 293 438
0 56 26 5 201 437
52 43 10 6 306 486
85 40 18 6 474 650
70 38 21 5 460 636
10 14 11 3 293 543
13 3 12 1 377 522
27 3 8 5 266 448
17 21 21 2 246 368
99 58 22 5 485 568
44 55 15 3 457 559
14 93 21 5 328 572
8 33 19 1 201 261
50 66 27 1 333 408
62 20 25 7 501 759
93 55 30 4 623 717
9 45 19 1 697 788
77 15 25 2 478 750
94 71 8 1 525 778
61 26 16 2 206 348
43 3 30 6 251 434
61 11 17 4 268 422
47 66 24 6 330 461
78 88 6 4 444 670
10 33 17 5 596 731
44 83 19 2 219 348
61 15 12 3 511 575
22 92 29 5 348 479
52 63 7 6 410 509
69 65 18 6 285 440
100 87 9 6 478 543
57 33 15 4 303 455
56 32 8 5 658 723
19 65 25 3 559 693
76 84 28 4 519 606
46 35 13 2 585 745
76 33 20 4 497 792
50 48 26 4 555 771
36 12 25 7 606 764
6 72 30 7 424 665
7 31 26 6 419 597
95 81 20 5 211 296
1 61 18 3 534 658
49 100 7 7 686 772
62 88 29 4 261 400
58 73 18 7 478 674
76 30 29 5 318 397
53 100 21 7 516 579
85 59 20 1 599 795
87 69 9 5 356 532
37 32 16 5 540 713
46 34 15 7 219 325
25 15 13 3 440 732
74 85 26 2 698 774
24 43 7 1 412 626
58 22 5 1 298 489
39 52 15 7 277 378
72 1 13 2 411 675
41 21 23 5 490 559
65 3 5 5 381 655
65 4 15 2 581 785
82 17 22 5 222 467
50 62 14 6 369 575
47 84 15 2 284 518
24 72 28 5 548 713
25 32 25 3 328 621
45 39 30 5 394 669
27 97 30 6 630 774
57 13 13 2 628 712
44 99 21 4 251 367
65 70 14 7 340 590
22 36 17 7 300 445
1 88 29 5 380 484
9 88 28 6 699 787
22 86 9 6 585 651
93 78 22 2 367 596
42 97 30 3 238 387
69 10 10 6 269 504
86 21 17 2 408 563
11 1 22 5 287 532
27 78 28 3 285 563
82 92 27 3 515 675
9 78 28 1 641 778
48 86 16 1 304 601
70 88 16 3 534 736
93 44 8 7 722 785
51 57 12 1 595 790
74 79 7 2 537 665
83 93 29 1 477 636
24 100 19 4 604 697
12 59 12 3 336 464
82 75 16 4 471 673
53 22 24 3 514 757
5 96 6 3 300 511
41 69 5 6 254 425
48 36 11 3 231 341
91 37 28 7 291 425
83 78 11 7 558 720
26 33 18 7 217 452
47 38 17 2 317 468
66 48 6 7 659 789
41 19 8 2 407 672
44 10 20 7 537 611
0 91 26 2 246 460
24 19 21 4 350 550
52 2 17 6 372 658
61 65 15 7 428 682
96 53 5 1 455 692
36 7 30 6 455 540
87 78 25 2 530 591
28 37 17 2 408 504
5 6 8 1 435 581
59 52 28 4 270 505
5 52 29 7 567 669
36 55 10 1 329 475
68 72 23 6 346 643
3 3 11 4 614 723
96 23 23 7 466 692
3 24 18 2 471 713
86 35 16 1 617 732
30 79 25 4 265 518
97 90 29 2 215 282
15 88 26 6 300 419
56 65 20 2 654 760
68 10 25 3 441 655
6 85 6 1 298 366
44 28 23 6 374 528
20 93 13 6 370 665
66 65 26 6 423 717
66 67 22 3 552 641
37 49 11 2 317 537
6 26 22 5 531 746
65 79 11 3 569 666
70 82 13 5 503 658
15 32 26 5 375 469
89 27 11 7 376 482
60 35 16 4 414 695
94 88 13 6 432 552
12 65 12 2 594 668
35 97 10 7 325 557
54 69 17 6 479 687
68 80 6 4 377 671
88 54 21 3 435 551
100 40 29 1 303 559
80 80 5 5 318 604
50 18 6 1 439 692
23 61 30 5 485 727
37 67 30 7 269 405
8 51 30 6 306 425
97 100 29 2 239 352
66 15 15 3 338 471
94 7 29 5 466 613
93 57 6 5 659 750
44 49 30 4 286 369
23 90 11 5 219 382
48 51 9 2 402 583
77 57 8 5 343 514
98 24 6 6 289 568
28 69 26 1 490 782
9 68 7 4 335 465
19 71 21 1 483 753
61 58 24 3 500 737
21 29 16 4 291 452
72 74 8 5 547 792
83 1 17 3 571 746
59 46 24 6 347 454
18 23 13 1 264 514
62 71 14 6 355 529
47 31 5 7 479 746
89 7 5 5 482 708
2 83 5 3 537 761
73 98 14 4 686 799
70 21 7 1 523 622
77 55 10 4 447 695
90 79 17 6 414 634
14 3 16 7 526 729
89 66 22 1 554 739
53 89 29 5 239 400
41 42 10 3 222 334
39 95 30 6 316 545
21 14 24 2 321 490
8 67 30 6 412 685
67 0 23 5 322 559
94 27 5 6 349 413
78 39 30 7 249 512
50 64 15 1 201 434
61 67 15 3 363 608
8 1 9 7 215 352
52 76 13 2 698 771
59 100 6 7 583 647
98 62 12 6 679 743
49 28 15 4 366 480
85 25 19 7 665 739
62 77 19 1 315 549
17 65 18 7 452 582
77 78 13 3 374 650
61 87 23 6 498 563
67 98 23 6 522 702
59 40 11 5 448 727
67 17 28 3 234 470
51 77 23 4 411 602
23 14 20 7 371 590
40 55 19 5 322 423
71 77 11 2 465 654
81 93 26 6 290 430
22 17 20 5 618 690
8 24 7 3 661 764
92 53 9 5 345 617
45 59 25 2 392 682
77 50 10 4 208 495
47 27 20 2 260 388
10 94 13 6 207 385
28 32 5 4 363 557
46 59 26 7 273 480
66 75 16 2 615 680
17 69 5 1 477 654
37 6 17 6 296 593
98 80 8 4 642 721
29 60 30 1 355 465
73 100 23 7 613 684
1 92 29 4 461 729
24 11 16 4 449 588
26 38 5 5 278 453
23 25 15 2 484 593
17 32 7 4 295 402
81 1 8 2 268 348
75 36 12 6 210 462
39 88 7 7 222 458
3 75 11 7 285 364
63 50 21 5 475 719
17 83 16 3 617 789
22 2 16 1 417 673
93 84 23 2 538 695
11 17 14 5 241 378
23 93 26 5 559 678
15 2 18 3 531 621
11 61 18 7 416 672
53 97 10 1 228 515
3 58 13 6 524 699
19 28 17 4 426 658
19 93 23 6 234 376
27 46 21 6 625 692
0 94 10 3 274 437
88 31 6 6 591 799
19 64 7 2 629 700
62 1 23 6 599 680
84 25 26 5 509 721
66 90 8 6 239 406
60 62 20 3 307 429
68 47 29 5 584 670
24 29 19 4 297 415
84 40 8 6 383 580
69 76 24 4 381 650
16 46 11 6 464 689
66 47 24 2 486 755
60 98 6 7 423 561
53 63 13 2 274 535
67 29 26 7 213 426
75 25 29 4 274 364
52 20 11 3 202 494
91 21 6 1 370 496
75 58 25 4 241 489
28 97 11 1 246 525
43 75 8 2 361 660
39 94 5 6 391 566
61 96 12 5 319 493
87 40 16 6 473 749
81 3 14 7 605 673
33 62 25 6 256 481
31 66 19 1 603 798
72 3 26 6 522 683
44 45 26 5 334 525
32 8 20 3 349 464
76 13 19 1 338 620
29 26 11 6 419 595
52 23 25 7 242 361
75 42 17 5 432 660
34 78 25 5 249 465
55 80 26 6 344 533
29 70 21 3 627 798
64 69 26 4 440 648
91 35 19 6 497 610
54 100 25 3 342 576
2 69 12 6 479 719
88 56 11 6 613 794
58 91 19 1 352 638
91 6 21 4 501 564
71 84 24 1 501 621
62 3 16 2 215 373
7 56 27 1 495 684
61 2 23 5 433 545
16 96 29 7 647 782
31 30 21 3 400 465
65 24 26 2 480 555
80 97 10 7 256 402
97 89 6 4 362 582
5 57 12 4 550 628
57 32 30 2 529 730
9 33 18 7 387 679
14 42 9 3 270 551
58 95 11 1 636 774
4 73 29 3 220 373
69 14 24 6 342 480
50 73 14 2 373 446
38 60 13 2 450 672
11 80 17 7 364 522
35 12 8 5 516 732
56 52 22 7 635 751
48 19 24 6 236 319
1 86 20 1 319 421
39 8 9 3 496 709
89 46 17 6 491 636
7 55 21 5 401 646
70 70 7 6 719 793
83 61 25 7 414 516
87 19 11 3 619 769
2 97 16 2 332 588
90 74 30 3 344 577
88 34 20 1 447 605
34 54 9 3 620 714
5 0 22 2 628 785
64 5 13 6 567 672
84 64 25 3 662 735
7 78 8 1 248 486
81 97 23 2 351 602
64 86 26 4 378 529
38 49 25 1 612 793
13 33 17 4 493 669
90 70 13 5 525 612
86 92 21 3 288 452
39 29 29 6 450 544
31 47 17 5 484 593
80 23 11 3 619 732
29 92 20 5 353 501
66 34 5 3 419 635
18 90 24 2 518 646
53 40 13 3 625 736
53 36 29 5 227 331
47 74 23 1 446 621
55 17 10 5 353 424
85 12 25 1 519 632
18 49 12 7 451 686
14 29 5 6 246 488
75 43 24 7 580 652
72 89 7 4 623 763
26 39 5 7 480 548
45 28 16 3 428 656
62 64 11 3 365 555
44 89 10 5 302 439
41 46 21 6 306 575
78 68 6 5 281 448
88 0 30 1 416 637
78 28 15 7 641 771
3 1 20 6 539 650
22 11 27 5 486 615
79 28 26 2 235 535
30 41 19 3 312 394
47 32 15 1 427 697
39 79 7 3 636 753
67 36 26 3 377 541
48 63 19 4 381 626
14 52 22 4 423 523
89 64 20 5 537 726
55 59 28 3 279 373
0 38 7 3 496 568
56 42 11 7 525 640
11 75 10 3 497 786
81 85 13 3 335 471
33 50 16 4 475 701
7 90 23 6 351 505
74 55 21 7 523 638
18 88 15 2 306 503
55 56 16 5 606 671
43 40 7 4 319 428
80 85 21 4 367 472
96 54 8 1 275 342
45 14 19 3 552 688
32 42 7 2 413 506
35 23 6 7 323 530
64 28 10 6 327 556
96 84 15 4 223 365
31 26 19 4 333 452
66 63 19 7 530 766
96 10 23 7 669 785
24 75 27 6 367 588
97 58 17 5 632 735
3 43 26 2 458 649
84 32 21 5 410 484
27 61 10 6 428 560
84 24 11 5 253 326
2 41 8 3 526 798
20 33 25 4 384 558
87 0 25 5 388 585
23 81 9 4 709 795
74 61 11 1 311 583
81 89 10 3 389 685
0 5 18 1 465 614
34 53 29 4 346 488
85 10 7 4 613 682
91 32 6 3 524 763
39 57 22 7 467 681
65 1 30 5 602 697
38 35 6 7 541 785
52 72 26 7 481 755
42 36 14 7 231 316
100 88 20 7 437 591
11 35 6 3 403 470
50 94 19 3 488 566
23 20 10 1 252 442
44 81 17 3 201 452
81 43 12 5 454 645
94 52 5 5 489 576
45 25 15 3 445 619
57 55 27 2 459 580
99 76 29 1 508 722
90 36 12 6 346 476
67 89 19 2 262 420
7 87 17 7 448 687
14 64 21 5 344 500
80 81 28 3 205 438
78 70 9 2 240 427
14 95 7 3 446 600
94 12 15 5 445 605
43 5 9 6 315 410
92 2 23 7 333 400
98 89 8 5 559 770
97 11 21 1 513 779
