880
36 98 0 0 0 0
57 80 19 6 568 767
51 72 8 6 405 534
82 59 25 1 276 377
74 44 5 3 329 615
67 100 6 7 262 536
34 84 12 4 606 756
69 59 21 7 216 409
33 45 21 4 277 350
50 23 6 7 367 597
27 4 13 1 515 608
76 58 6 3 486 679
82 29 14 4 377 555
88 6 15 1 272 378
61 64 6 4 404 527
69 25 20 3 495 659
19 46 16 7 634 788
77 97 22 5 280 351
99 45 26 5 355 637
4 77 11 5 500 648
88 50 12 2 288 388
96 29 19 3 373 498
44 42 17 2 416 587
80 36 22 3 230 521
58 16 27 5 224 392
67 88 15 6 489 744
70 38 7 5 486 628
100 10 30 6 462 646
55 94 28 5 282 540
76 86 24 3 702 764
92 9 30 7 460 535
92 1 30 6 516 733
1 48 15 4 231 443
29 55 27 1 205 339
40 28 6 2 250 488
19 63 17 1 215 366
46 43 7 2 605 725
94 63 20 1 283 571
94 76 13 2 319 534
79 45 27 1 499 698
18 0 28 3 509 650
10 98 19 5 216 495
85 96 5 3 262 424
4 84 7 1 483 583
92 20 10 3 244 377
25 33 18 2 531 687
18 91 20 1 239 517
40 55 14 1 368 622
20 76 9 3 434 647
81 32 7 1 389 491
61 45 23 2 521 590
21 33 19 1 202 296
7 71 17 2 499 682
73 27 7 4 281 568
16 26 18 3 448 742
39 81 17 5 537 665
87 38 29 3 462 707
27 74 21 6 290 527
31 15 5 7 363 568
33 43 13 3 361 561
48 46 23 6 631 724
46 97 23 1 502 756
23 52 16 4 266 430
57 28 15 3 464 670
91 50 23 6 322 483
9 19 30 5 236 355
98 40 27 7 474 608
45 49 5 5 621 715
13 69 17 6 467 537
67 43 7 3 303 425
52 22 9 7 217 327
90 51 24 5 295 360
98 0 18 5 242 339
59 81 30 4 544 617
26 32 25 6 668 739
78 36 10 3 457 643
48 27 7 1 244 417
74 41 27 5 405 523
15 85 21 7 610 695
52 49 20 7 546 748
21 23 30 1 325 487
97 13 10 6 410 699
45 50 25 7 550 693
10 0 15 6 404 663
60 64 12 5 463 651
52 1 12 7 247 466
94 12 24 5 419 710
40 15 20 2 216 348
96 46 17 6 619 796
26 10 26 3 321 484
72 50 17 7 385 454
38 0 12 1 502 666
61 17 24 1 453 553
4 0 27 4 574 758
16 73 10 4 470 712
67 59 13 4 454 542
85 41 29 4 406 683
93 58 28 7 292 583
37 47 8 6 517 660
76 16 14 2 516 605
55 74 15 7 263 557
3 9 10 7 324 503
85 34 11 6 598 730
77 29 23 6 411 646
75 92 7 2 469 700
5 25 18 3 452 667
78 11 28 1 593 784
20 93 13 3 479 581
34 76 21 1 352 455
60 57 5 1 537 684
17 10 16 6 363 524
77 31 24 4 437 667
100 27 21 3 361 425
32 38 26 3 244 536
12 50 13 2 391 583
99 46 6 7 648 758
10 17 8 7 339 413
98 100 28 4 406 572
84 40 22 1 349 523
24 17 24 7 459 684
8 42 21 7 685 792
74 21 24 1 491 755
42 13 30 7 320 392
67 82 8 3 510 603
46 64 16 1 361 616
99 79 20 1 256 388
86 6 22 6 329 420
45 61 29 2 212 378
76 60 12 3 229 425
36 74 28 1 285 403
36 31 20 6 499 651
4 21 21 7 561 781
52 97 10 4 501 565
14 67 16 7 598 771
39 12 6 6 664 739
83 82 30 6 528 651
9 29 16 4 470 714
74 5 10 5 389 462
43 72 12 4 557 670
69 23 7 1 303 585
43 85 16 5 474 680
21 26 22 1 602 693
13 7 24 2 380 518
19 52 7 7 500 638
2 59 16 2 227 459
71 84 12 6 386 594
90 55 27 7 235 337
98 60 13 7 301 462
33 51 10 3 435 714
90 93 26 2 253 465
18 24 16 4 278 482
69 83 5 3 553 720
86 34 26 7 236 489
96 16 17 2 474 548
67 39 16 2 532 734
72 70 15 3 297 578
4 61 24 7 531 756
42 46 23 1 414 542
3 16 13 6 341 641
1 5 14 6 623 698
28 59 26 5 605 709
89 96 10 2 273 546
65 66 5 6 277 415
3 58 6 7 478 639
42 5 23 2 211 399
41 0 9 5 393 558
14 38 14 3 266 479
14 63 10 5 249 409
69 73 20 5 556 682
98 73 6 2 469 543
0 71 26 2 628 728
94 40 21 7 299 459
4 80 13 2 548 640
96 37 15 6 523 684
67 61 30 5 539 727
32 95 22 2 580 797
90 57 8 6 499 793
43 81 22 1 547 732
77 79 16 1 546 664
90 11 19 1 653 754
36 41 12 5 514 673
92 52 12 7 310 484
28 87 25 4 610 766
3 65 6 7 610 781
93 42 13 5 203 419
23 11 18 6 582 721
56 86 28 7 315 528
65 68 10 7 492 564
5 0 27 3 464 543
45 44 28 5 232 295
29 31 15 5 282 483
7 82 21 2 364 593
72 74 22 4 219 416
53 26 29 2 370 666
75 28 25 6 257 541
63 26 8 2 562 626
34 51 17 6 385 580
1 3 14 2 578 655
90 6 28 6 347 514
71 41 10 6 255 355
14 50 8 4 495 594
59 42 22 6 638 772
51 49 12 4 454 698
83 90 10 2 437 723
68 32 15 1 208 324
86 0 18 7 581 764
61 42 7 5 422 618
65 55 20 6 350 614
94 14 22 5 368 654
47 52 12 2 340 608
98 57 22 4 283 493
88 58 30 5 612 745
0 37 5 1 459 609
49 0 13 1 679 746
50 40 6 4 348 591
79 90 25 1 345 465
64 4 10 5 271 498
75 46 27 2 380 449
14 17 6 1 425 590
77 75 17 5 532 674
27 93 19 2 403 540
49 75 30 6 594 680
6 88 21 7 270 524
59 35 28 6 565 734
74 75 6 5 262 461
19 43 20 5 379 473
34 26 11 3 261 326
68 6 19 3 360 491
57 82 12 1 528 668
54 21 27 3 476 751
47 60 5 6 454 633
6 92 13 5 454 607
1 54 30 4 525 763
85 47 10 1 347 560
27 46 18 2 599 730
63 3 29 3 282 364
54 70 26 5 334 613
72 57 9 4 403 637
98 33 28 7 425 528
11 93 27 1 201 306
84 84 18 2 582 762
73 87 5 3 328 543
100 100 18 5 207 478
38 50 27 2 585 715
67 91 29 6 272 522
89 71 10 2 478 706
2 5 30 4 597 777
12 32 27 1 569 724
86 88 29 2 677 787
1 37 27 6 335 615
81 44 18 1 428 685
64 90 11 5 494 728
21 14 5 1 234 529
12 83 21 1 432 659
48 74 27 1 510 747
41 74 10 7 311 401
28 23 28 4 487 756
18 99 29 1 269 489
62 82 14 3 284 513
84 5 9 2 381 659
95 2 10 7 274 547
30 74 13 4 278 491
64 76 20 4 508 740
61 90 12 6 315 465
8 95 28 1 407 492
85 31 30 4 445 513
25 24 12 5 344 425
31 37 8 3 618 742
20 7 14 5 697 790
35 9 26 4 540 612
61 23 24 5 388 493
9 2 8 1 427 526
75 58 28 3 392 487
84 93 17 7 261 335
100 29 20 3 516 746
17 96 24 1 228 515
62 27 12 2 372 480
40 20 11 4 671 759
39 98 19 2 351 643
25 41 24 7 407 644
31 19 21 2 511 643
15 42 12 4 497 704
94 93 6 7 378 627
6 35 24 2 269 541
39 97 29 6 536 680
44 73 17 5 279 390
47 35 29 5 285 440
24 22 16 4 318 393
6 70 29 1 278 485
64 35 6 4 333 506
15 79 24 2 549 652
6 78 25 1 600 666
56 95 5 1 318 560
47 71 24 3 549 762
49 38 17 5 286 488
21 2 10 4 584 785
45 3 25 4 525 623
87 99 7 5 309 467
100 67 16 4 315 471
39 53 13 3 266 433
12 34 28 2 329 485
83 55 8 5 228 449
98 74 24 4 479 660
30 9 22 2 329 476
93 17 27 1 386 659
72 53 6 4 470 681
61 41 26 5 570 679
64 12 7 4 571 666
59 7 26 5 376 542
75 26 7 2 399 551
95 19 8 2 209 429
3 81 5 1 547 765
75 98 27 1 463 691
9 44 6 5 517 695
56 12 8 6 262 432
53 71 11 2 265 540
28 0 22 5 258 492
94 33 21 1 521 710
71 15 25 4 360 455
62 98 18 4 489 561
95 13 18 5 480 593
77 63 7 2 557 777
90 50 29 4 646 716
69 54 30 3 264 377
47 94 26 4 415 686
24 42 8 5 327 468
44 19 19 3 570 688
73 0 17 5 266 431
96 1 29 1 663 774
11 80 18 2 305 479
66 100 9 5 527 739
29 26 12 6 335 508
91 98 20 7 525 707
74 74 30 7 315 376
59 36 24 1 384 472
77 26 9 1 377 476
79 100 30 6 246 456
2 77 10 2 380 471
35 25 26 1 518 592
71 45 26 2 230 411
9 86 27 5 401 628
18 68 6 3 232 389
85 0 8 2 354 426
40 88 11 7 352 455
68 95 28 5 481 644
18 31 29 5 571 668
25 80 19 5 255 483
91 64 20 6 279 391
23 24 9 7 232 451
51 3 26 5 706 797
49 80 5 6 479 631
56 92 5 6 345 454
79 68 16 6 326 417
86 13 30 1 368 498
49 24 16 1 225 366
88 10 25 5 241 320
34 95 20 4 533 789
95 80 21 5 235 436
45 4 21 4 357 542
27 59 16 7 649 797
94 29 7 4 546 613
14 24 22 2 224 513
16 40 27 6 543 660
91 20 19 6 385 661
2 34 15 6 452 514
77 57 7 3 333 504
24 78 21 1 457 721
87 40 10 1 212 407
13 64 9 4 671 782
40 30 27 1 321 486
53 88 22 1 324 504
49 27 25 6 611 757
0 63 19 6 533 778
36 0 29 1 458 716
98 45 5 4 386 623
81 94 10 6 678 760
47 66 21 6 277 550
12 36 30 4 290 516
48 8 16 2 284 382
72 66 28 7 500 697
70 85 18 6 634 714
93 62 18 6 212 369
92 28 22 6 695 784
75 53 16 1 306 562
30 13 21 2 669 751
7 93 8 6 262 325
58 37 15 1 440 694
92 56 18 1 379 586
62 31 21 6 430 613
31 0 22 2 537 652
12 0 10 3 480 550
14 21 14 1 473 594
60 92 11 2 266 465
61 43 6 5 600 740
69 95 25 2 494 783
10 35 28 2 393 626
27 87 15 3 246 531
99 73 17 7 496 657
84 97 11 2 388 579
38 78 21 2 201 327
14 26 29 7 474 676
71 50 5 7 429 581
84 65 17 6 210 448
19 41 9 3 379 506
91 88 9 4 218 444
60 1 26 4 496 622
25 4 14 6 402 547
66 84 28 2 353 512
68 89 23 5 454 528
86 72 11 7 272 344
89 65 27 6 529 772
3 24 20 7 675 799
47 53 27 5 557 702
12 16 29 3 314 478
78 29 25 5 357 553
51 39 24 3 229 472
23 49 13 7 303 458
85 61 14 5 489 614
82 13 23 3 269 386
36 82 17 3 253 508
33 83 7 3 434 605
99 0 26 5 395 563
3 90 20 4 438 509
87 19 10 2 327 593
4 9 14 7 572 684
79 34 24 5 463 740
11 42 23 1 405 637
90 26 6 5 329 512
28 84 24 7 327 459
22 13 19 5 555 707
39 75 25 5 412 532
79 86 29 5 543 759
22 95 11 4 270 526
68 51 20 7 575 657
97 65 18 5 464 603
93 85 5 4 231 499
94 35 23 3 440 575
7 58 30 6 214 327
18 100 9 1 226 482
78 61 16 4 464 564
71 75 14 1 546 782
29 86 23 2 545 770
19 90 16 7 200 453
7 14 16 7 430 644
22 15 20 2 516 624
95 61 16 7 253 391
96 71 17 5 494 769
19 17 7 7 489 673
45 27 14 7 469 768
86 99 9 3 307 592
60 98 9 3 394 541
38 81 7 7 313 428
88 91 22 5 250 316
21 98 23 4 583 772
13 59 23 3 576 755
16 37 23 1 328 536
56 15 9 1 233 307
61 38 5 5 228 383
34 93 22 4 237 393
87 3 19 1 223 308
97 56 22 1 567 630
94 6 11 7 513 722
63 54 8 4 350 505
22 93 17 6 574 749
11 15 14 1 289 581
54 93 27 6 205 265
46 67 17 6 625 759
2 79 23 3 493 604
91 73 7 1 462 698
2 87 15 1 248 460
50 16 25 4 667 797
48 33 16 3 597 734
60 31 6 1 299 418
26 8 22 5 342 454
45 21 8 6 493 577
64 85 7 6 261 429
86 60 20 5 622 682
90 30 16 5 247 478
5 33 27 6 238 460
59 17 7 1 376 586
42 44 21 2 639 743
11 49 21 7 321 578
14 65 13 4 278 372
92 80 5 5 471 756
77 100 20 4 496 795
14 4 6 2 558 791
70 55 6 7 516 730
34 91 25 5 616 680
86 46 6 1 512 669
49 30 24 5 582 748
72 3 30 6 257 388
47 76 8 6 407 539
69 32 22 6 276 554
0 87 5 1 378 440
16 3 26 1 256 499
57 26 11 6 201 333
38 87 28 1 203 436
30 41 17 3 458 654
89 84 5 3 431 505
69 2 29 2 210 408
15 3 7 5 601 662
46 74 5 3 666 782
26 90 14 5 507 590
90 56 16 2 402 522
33 81 16 2 296 420
75 39 20 4 511 605
42 64 28 1 492 639
99 83 18 3 547 708
73 67 15 2 293 515
84 76 5 2 206 394
93 51 6 1 309 554
94 26 26 1 403 545
50 41 5 4 227 300
37 34 17 1 248 355
31 97 15 5 482 577
42 32 15 7 400 561
64 31 15 2 382 622
52 5 12 5 240 533
15 67 23 7 340 545
17 14 10 1 351 608
32 82 5 1 583 657
89 79 5 7 389 485
91 68 26 2 227 504
6 63 26 2 477 552
74 55 10 5 323 389
77 37 29 5 492 663
16 53 6 1 646 750
23 13 27 7 453 605
85 85 30 6 429 490
15 27 28 6 434 678
58 12 9 7 227 363
98 80 20 5 500 765
48 17 30 1 307 392
99 81 29 7 642 784
81 80 18 3 647 749
40 87 25 7 523 742
19 19 23 6 618 756
59 33 11 3 628 696
68 75 13 4 450 568
92 83 26 2 383 588
17 18 23 1 639 762
18 16 17 3 491 663
33 36 27 6 352 628
17 16 19 4 506 708
92 36 20 7 574 720
35 3 11 4 242 541
39 93 20 3 337 397
29 69 20 3 645 789
22 20 18 2 427 660
9 42 27 5 363 584
14 85 16 2 485 610
0 1 23 6 216 320
49 16 24 2 479 691
11 78 9 3 464 557
20 17 25 6 320 534
38 93 18 6 704 784
25 3 24 3 426 611
1 38 18 4 376 621
50 85 14 4 373 605
51 48 18 6 382 593
38 55 27 3 691 753
75 12 23 5 320 593
29 95 25 2 376 611
7 35 28 3 308 392
48 3 19 1 235 328
88 52 23 2 448 679
83 54 9 1 314 499
81 72 11 4 427 596
53 8 16 1 332 543
5 53 18 4 569 633
56 79 25 7 435 541
66 42 22 1 306 597
64 91 17 5 634 743
67 83 15 2 356 540
98 7 12 3 374 514
80 10 16 1 537 781
93 52 11 7 259 363
89 39 23 1 618 692
99 86 21 3 406 562
20 11 11 5 585 681
21 85 12 3 252 479
76 88 28 2 326 538
72 63 29 5 459 652
79 76 17 4 328 617
79 84 18 4 387 561
47 34 25 2 538 781
53 99 29 3 359 463
74 56 24 1 425 654
68 74 28 4 428 646
97 48 12 7 355 454
21 35 29 7 535 712
56 68 24 5 393 576
1 13 21 5 600 787
42 95 17 5 548 762
2 33 22 2 422 695
38 45 25 3 443 719
82 75 20 4 289 397
83 50 27 1 351 581
88 66 23 6 607 799
19 70 19 6 465 579
81 30 18 4 638 800
89 8 9 4 598 725
90 98 22 6 368 470
15 98 20 1 522 741
12 42 24 4 251 363
52 65 20 1 241 345
16 70 8 6 296 584
99 84 23 4 262 517
19 55 21 2 496 699
17 47 11 2 472 671
85 81 5 6 691 782
92 14 22 6 253 542
33 33 28 5 643 791
96 6 25 3 414 544
34 40 13 4 332 425
15 14 10 3 364 632
65 69 24 6 302 458
79 40 19 7 425 556
24 85 6 2 625 698
28 95 11 7 526 767
9 40 30 1 507 617
5 38 14 6 520 727
67 46 6 4 227 455
13 14 10 3 548 672
61 24 12 4 268 458
96 22 13 6 213 377
95 34 17 4 398 652
35 89 27 7 545 683
37 74 8 5 530 680
9 8 15 3 455 736
11 100 24 2 353 537
67 29 27 5 520 756
52 51 23 4 569 636
85 67 24 6 323 398
13 5 24 3 549 760
14 0 5 5 539 627
65 18 29 3 389 604
11 22 30 4 477 777
55 55 8 2 546 769
84 12 16 5 454 726
56 45 11 4 466 622
21 32 9 1 392 496
11 8 10 5 409 533
55 69 30 1 216 513
73 82 16 5 393 468
71 28 20 7 640 753
88 68 22 2 206 345
81 82 10 1 448 711
73 58 5 3 416 647
92 62 10 1 516 634
52 39 5 6 347 569
26 25 21 4 391 543
22 33 24 1 253 338
16 84 18 3 408 683
79 91 26 6 268 527
70 39 5 7 481 691
7 40 21 2 227 371
52 40 8 6 316 593
31 81 8 6 633 776
18 87 26 3 435 622
22 49 24 5 499 602
70 82 17 2 594 747
32 34 22 5 709 787
2 11 21 3 463 590
37 31 10 2 403 689
0 83 16 1 303 466
84 72 21 4 555 703
33 80 6 6 636 767
17 48 5 6 336 400
3 50 8 5 298 526
32 69 13 4 304 456
72 97 25 4 227 336
69 26 24 4 451 643
85 13 7 3 444 555
97 33 12 3 639 736
38 34 5 5 394 547
77 52 5 7 320 411
82 1 11 5 575 669
69 69 28 2 293 361
48 91 19 4 343 608
37 53 24 6 399 553
11 16 15 7 616 766
70 2 8 2 588 660
95 35 9 4 503 636
16 74 12 4 252 358
1 64 23 2 693 796
44 53 7 4 473 618
55 33 15 5 433 534
68 15 8 1 249 366
44 28 19 2 474 643
78 65 8 7 418 625
27 39 11 6 646 729
46 14 21 6 575 645
11 13 9 6 394 585
12 3 13 2 349 557
57 39 13 6 524 762
58 11 16 4 526 650
25 100 24 1 266 436
16 54 12 1 445 718
64 57 27 7 305 472
94 52 23 5 539 721
68 20 29 3 324 472
38 5 21 7 698 800
16 25 9 5 469 727
60 94 23 5 407 591
70 8 22 3 499 732
44 1 19 6 416 714
95 7 27 7 263 563
3 35 28 1 274 435
43 26 23 2 573 665
85 84 27 2 241 457
95 39 27 3 573 672
31 10 24 1 579 648
97 58 9 3 211 400
42 68 23 3 317 460
13 56 10 4 691 756
49 94 21 2 362 478
72 13 23 7 248 445
63 21 11 1 252 502
42 52 23 6 414 498
36 67 25 2 342 509
12 27 19 2 310 432
58 25 21 1 400 566
46 34 29 1 657 718
7 73 24 3 632 764
2 73 14 5 342 634
50 90 19 4 382 642
30 83 15 6 486 659
82 43 29 1 287 435
54 5 29 1 620 720
25 86 30 6 655 716
71 33 23 3 423 546
25 11 26 6 492 684
22 8 5 5 398 574
38 33 23 2 482 745
2 28 12 2 256 408
57 92 14 5 493 674
71 14 13 1 547 757
25 40 15 1 572 732
75 25 30 6 396 687
37 78 25 7 435 654
93 35 8 1 637 773
59 83 28 6 297 578
67 12 5 1 606 686
86 47 28 7 439 738
26 39 16 2 559 745
88 79 19 2 278 409
50 75 24 1 232 520
90 79 16 4 505 773
87 23 11 7 306 431
54 89 10 3 398 467
66 71 18 3 467 545
45 62 22 1 494 710
7 81 12 7 583 792
77 54 20 3 593 756
71 1 27 6 432 598
31 65 6 3 372 578
24 56 24 7 675 784
20 78 22 4 218 342
15 52 15 7 689 768
88 8 7 1 282 477
25 20 23 1 367 478
84 13 8 6 571 775
82 61 12 7 509 676
20 50 22 3 562 637
90 94 27 5 224 515
47 59 6 2 264 377
74 2 12 4 225 309
41 76 29 5 409 641
98 49 12 7 459 668
31 12 16 2 252 427
32 7 15 5 520 649
13 100 6 7 453 661
76 35 27 3 552 755
5 69 28 6 358 483
32 31 23 2 250 490
40 38 27 7 457 700
91 18 6 5 411 497
65 38 22 3 678 758
29 48 10 3 245 497
33 14 15 4 487 708
29 10 8 6 250 514
74 65 13 7 422 671
88 15 27 5 208 336
8 92 30 4 209 484
95 54 13 4 372 597
61 39 9 3 600 731
30 67 10 6 550 723
95 88 20 1 334 408
50 36 11 1 211 484
67 63 20 4 445 614
63 50 20 2 560 752
75 11 26 7 527 767
92 42 6 2 518 670
73 11 18 1 387 560
33 28 29 1 678 767
64 77 12 7 342 492
99 74 22 6 486 723
23 84 14 6 420 597
30 29 17 3 278 492
93 72 26 2 314 560
94 0 13 3 521 786
38 84 20 1 485 763
55 65 14 7 238 477
69 15 7 5 277 415
62 43 19 5 606 698
3 1 19 4 401 641
84 10 15 6 228 392
89 37 26 2 225 391
24 9 8 7 705 790
68 91 28 5 310 423
68 63 29 2 558 764
7 9 21 1 260 461
51 19 9 5 513 746
35 11 25 2 208 339
36 71 10 5 237 438
14 61 8 5 307 393
80 47 12 7 288 551
3 41 18 4 428 688
32 3 13 4 554 739
12 94 16 4 636 748
81 69 24 7 532 644
69 41 6 2 316 603
49 22 19 6 523 645
48 85 23 6 281 567
64 45 10 1 450 648
44 56 16 3 533 632
79 27 14 7 499 640
69 77 16 7 415 643
40 79 6 4 564 770
67 27 13 1 462 645
35 36 18 1 391 570
43 59 30 7 364 657
45 11 8 6 426 722
29 0 26 2 299 442
31 2 16 3 556 751
18 86 12 6 541 766
18 72 23 5 269 530
61 91 28 4 266 385
52 45 11 6 388 631
6 87 9 5 426 707
71 72 29 4 515 654
83 39 7 2 315 474
13 54 15 2 625 727
28 63 13 2 552 762
74 63 6 3 602 751
1 42 26 6 664 799
7 41 10 2 228 388
62 91 22 4 594 743
5 75 19 1 369 487
67 11 22 2 406 603
67 7 24 7 644 787
11 62 7 6 345 425
55 81 12 1 421 632
42 66 28 3 437 678
100 69 12 6 422 517
33 4 25 3 541 706
21 75 17 7 416 581
3 54 19 1 506 763
43 99 15 3 577 741
97 22 23 5 325 590
3 34 8 4 225 358
6 71 13 6 260 502
88 54 7 7 218 365
6 21 9 2 473 690
6 42 11 6 404 656
16 52 18 6 202 332
19 99 23 1 200 276
4 24 13 6 372 563
8 57 5 2 451 659
34 7 15 5 487 678
92 44 27 1 388 450
78 87 12 5 493 667
59 68 25 6 331 576
85 82 19 5 475 673
36 76 22 4 363 577
38 74 28 7 640 707
17 13 7 4 373 669
50 24 18 1 665 747
77 32 21 5 400 539
