1899
64 50 0 0 0 0
19 80 11 3 231 530
10 67 16 5 382 635
7 87 9 4 448 740
76 74 9 5 568 710
86 13 17 5 629 711
23 87 21 4 364 576
82 64 10 1 499 631
79 5 12 6 481 692
71 60 28 6 557 671
59 43 12 3 571 714
17 48 14 1 418 524
29 97 23 2 329 614
74 57 23 3 400 492
41 75 30 1 288 537
34 72 29 7 438 726
89 83 27 5 523 769
98 97 12 5 476 703
74 60 12 5 369 666
99 27 7 1 262 535
78 76 18 1 490 785
67 93 25 1 457 554
7 63 8 2 332 470
93 11 14 6 247 520
76 75 25 6 401 541
36 31 6 7 324 427
16 27 11 3 364 607
92 54 13 1 211 307
29 69 5 7 263 518
23 58 17 7 440 638
41 3 23 2 347 631
69 23 24 2 236 341
66 14 29 6 298 521
76 68 27 4 365 579
9 89 11 6 274 359
32 59 19 1 316 458
79 13 16 2 458 669
59 54 29 3 326 391
36 77 12 4 497 571
19 4 9 1 282 509
51 57 10 2 257 334
91 71 24 4 302 396
57 90 30 5 452 666
93 12 30 6 601 662
4 16 21 4 409 644
31 76 11 2 310 506
1 97 7 6 425 595
80 77 29 2 549 732
12 93 13 5 673 798
37 97 18 6 634 747
15 77 27 5 521 652
47 99 12 7 511 731
64 12 20 6 451 554
20 77 25 5 434 494
95 35 18 7 256 350
99 92 11 5 228 447
84 80 17 1 315 546
70 77 11 5 320 554
78 83 7 5 219 382
91 78 16 5 709 789
13 3 17 5 666 756
39 73 20 6 393 481
46 46 24 6 358 502
83 39 7 6 286 449
10 21 26 3 505 708
20 100 9 6 322 484
81 70 30 6 547 644
99 1 15 5 224 519
51 26 15 3 213 362
97 13 25 5 440 704
74 98 28 4 500 735
33 62 18 3 539 640
81 38 7 6 511 657
86 48 20 4 306 466
81 46 24 4 579 701
19 68 17 4 305 538
86 55 26 4 724 786
69 93 14 1 461 723
96 73 5 5 546 769
47 15 23 3 326 523
48 15 25 7 286 468
84 32 30 5 646 790
34 11 13 2 563 713
84 89 5 5 594 763
88 65 28 6 601 775
3 30 27 4 380 624
24 83 19 4 617 698
85 71 24 3 470 643
5 45 29 5 288 492
26 86 11 7 613 723
49 80 26 4 398 649
36 55 16 3 359 456
83 44 17 5 407 502
0 10 6 7 291 576
95 77 26 5 292 431
57 55 24 4 329 397
84 2 28 2 377 491
33 22 22 6 242 471
49 65 17 1 346 551
59 42 7 1 410 593
29 22 19 6 345 446
36 19 5 1 526 623
69 94 11 2 303 587
87 22 7 4 666 732
0 68 25 1 221 321
14 15 29 4 409 648
91 6 11 5 298 512
65 61 18 7 671 737
75 49 13 1 681 800
73 87 5 2 275 346
14 92 20 2 294 362
60 14 15 7 411 677
12 30 14 1 396 563
7 20 6 5 501 665
79 55 5 4 630 789
69 18 26 7 572 798
25 22 27 1 354 529
64 92 15 1 213 357
48 26 19 6 345 559
45 0 5 4 258 556
72 19 25 3 559 716
93 6 11 2 546 716
75 43 9 2 527 600
60 43 23 3 590 783
18 77 7 7 343 551
15 86 23 7 608 682
91 91 7 7 671 766
92 86 11 4 514 601
25 13 24 6 391 522
30 56 25 5 495 678
51 58 19 7 410 519
64 83 10 2 645 709
79 16 10 6 264 562
8 0 8 7 465 720
79 53 30 1 480 565
97 16 17 5 530 760
31 66 22 4 459 553
87 40 18 2 408 655
47 31 16 4 356 515
65 31 22 1 522 764
75 34 27 1 220 339
1 99 21 7 307 593
20 25 22 5 553 715
35 50 11 2 572 642
76 91 22 7 278 470
5 50 16 4 576 791
7 15 20 1 394 650
31 44 27 2 495 573
95 95 5 2 215 361
43 23 13 3 355 633
36 96 28 3 503 579
21 53 7 1 489 607
27 95 10 7 679 756
94 83 21 2 269 358
40 63 29 6 336 456
29 26 24 5 534 738
34 40 24 6 534 605
25 77 9 2 513 740
31 75 5 4 522 712
44 70 13 1 328 603
91 18 24 6 420 554
22 19 24 6 399 629
95 70 18 3 606 783
42 48 12 1 589 731
97 39 21 2 206 288
12 19 14 4 576 755
80 90 6 5 494 685
74 67 22 6 414 560
38 48 19 2 217 486
86 93 12 4 553 617
70 11 29 5 323 602
86 87 27 3 502 650
14 69 8 2 454 541
43 99 16 6 358 537
35 58 23 7 333 498
13 81 20 2 403 618
85 80 23 3 323 604
15 36 14 4 513 766
71 91 14 3 501 623
30 27 15 6 479 719
27 19 9 4 430 707
79 69 23 2 582 710
45 62 12 4 203 394
63 8 18 1 317 610
23 86 17 1 596 744
33 97 16 6 280 410
79 67 25 1 306 393
71 7 30 3 685 789
6 21 5 2 599 800
22 48 11 3 628 738
18 57 30 4 446 725
66 22 29 4 462 597
44 20 30 4 284 397
96 11 15 2 296 529
72 79 9 7 512 682
94 55 21 7 392 547
69 78 16 5 541 778
63 11 24 3 482 753
34 87 29 2 384 495
43 60 30 7 252 399
50 39 16 5 226 394
28 98 17 3 215 361
66 30 28 3 634 699
61 52 23 7 430 665
2 43 21 7 625 734
64 7 27 4 479 641
68 82 5 5 386 458
96 49 12 6 426 516
85 20 14 5 502 740
71 56 21 6 540 791
30 99 24 6 339 560
74 63 18 3 274 384
69 92 15 1 427 575
20 99 14 2 524 698
95 96 7 3 425 543
52 40 8 6 304 588
39 45 27 6 260 444
35 91 13 4 430 685
40 72 29 7 458 540
1 96 26 6 413 615
31 2 20 6 307 478
51 18 15 1 592 795
45 37 21 7 220 510
7 12 26 3 334 506
7 70 27 3 664 786
91 82 27 6 269 371
52 67 14 6 298 435
6 85 25 5 225 390
18 13 14 7 280 396
21 42 8 4 597 781
57 52 8 1 244 379
24 70 10 5 520 602
48 57 7 4 280 356
97 60 21 3 234 335
83 66 21 5 484 604
12 67 16 5 214 441
59 77 12 1 284 570
14 24 15 5 338 419
52 52 22 2 540 657
74 54 21 7 203 284
67 80 10 4 515 756
1 34 25 4 600 786
69 70 28 4 372 502
9 45 7 5 480 742
65 65 12 5 317 482
40 69 7 3 538 717
82 84 30 3 471 650
73 22 12 5 629 799
6 62 16 3 342 483
28 39 22 6 302 532
50 7 26 1 354 600
90 96 12 6 276 483
10 8 8 3 260 393
63 82 29 6 252 368
38 55 29 6 222 307
43 57 30 4 642 716
10 50 29 7 433 543
66 1 21 6 478 693
34 15 21 2 328 453
27 65 5 3 562 641
75 45 21 3 441 696
69 12 25 7 462 687
35 75 14 1 553 687
63 89 23 1 427 544
99 26 18 7 265 448
26 24 6 5 417 536
25 41 27 5 498 672
68 5 21 1 662 731
29 86 11 3 339 557
23 27 28 2 367 558
2 21 17 2 219 408
74 13 7 3 491 567
56 48 7 1 393 615
81 48 15 7 581 689
47 36 9 6 463 738
86 65 5 5 635 750
58 74 18 6 563 682
19 61 10 5 591 776
15 94 18 5 413 612
11 34 22 7 398 580
60 91 13 1 516 716
59 10 18 1 306 425
75 90 12 4 227 340
65 15 9 4 415 500
29 33 17 3 472 658
43 59 23 5 506 682
60 33 9 4 401 674
87 33 20 6 539 688
38 54 9 3 410 550
19 32 13 1 650 715
85 29 11 4 395 544
42 12 11 2 377 609
41 6 20 3 421 537
94 49 6 3 326 387
92 48 26 6 316 426
38 100 22 3 324 417
20 16 28 3 344 591
58 41 5 3 366 538
64 54 6 2 281 437
2 25 23 2 341 519
33 81 23 6 637 797
43 62 11 6 302 599
96 25 21 7 358 554
66 62 15 3 371 608
54 82 7 4 356 585
86 25 22 7 652 751
74 15 30 5 262 339
28 91 19 3 202 282
90 41 5 4 354 470
64 4 6 2 401 699
68 21 15 6 435 613
71 88 18 6 297 455
51 42 17 2 500 601
57 17 12 6 406 490
59 86 15 2 220 470
97 37 26 2 479 749
5 11 27 3 412 699
26 26 23 6 509 789
80 25 27 5 280 538
4 41 20 7 492 785
44 74 30 2 603 770
30 93 17 1 501 561
0 62 23 4 457 652
100 20 8 7 204 389
44 0 22 1 515 587
50 36 21 7 601 752
5 96 10 6 488 552
50 66 16 2 529 786
71 93 13 3 600 794
93 13 8 5 610 771
65 47 7 1 211 291
95 9 17 1 277 366
39 90 12 2 521 670
11 17 7 7 467 568
9 51 7 1 561 779
32 53 22 1 404 688
76 54 10 2 634 713
90 69 25 4 260 551
28 52 29 5 253 513
63 74 25 4 240 301
24 65 9 2 466 757
69 7 10 2 631 706
16 0 30 6 231 318
26 7 13 2 293 443
78 61 27 6 332 627
79 50 23 6 391 526
11 46 7 2 349 645
73 23 28 6 313 378
82 58 18 7 534 615
13 13 30 7 546 757
47 92 30 3 291 541
35 2 25 3 362 462
2 68 26 5 261 547
92 76 30 5 289 576
23 53 19 4 549 683
23 84 28 6 313 465
77 73 30 1 325 530
6 7 24 4 240 301
91 30 15 3 485 780
90 77 7 6 258 318
22 28 28 7 237 496
95 66 11 6 598 770
23 29 6 2 200 348
21 71 12 6 321 439
7 48 26 5 368 560
76 67 26 6 514 754
74 46 23 2 608 670
43 54 14 2 653 719
1 53 24 2 531 602
71 11 12 2 343 424
81 81 20 7 214 466
13 41 24 3 527 624
76 30 26 1 339 496
17 20 26 7 261 474
92 65 24 3 573 693
76 64 12 3 220 424
28 21 5 4 444 684
71 1 17 1 545 719
66 7 5 5 286 473
14 80 11 1 652 767
57 34 6 5 239 456
36 47 13 7 205 334
77 60 21 1 370 558
16 53 14 3 564 628
57 9 6 4 361 434
65 26 24 7 332 574
88 84 15 3 328 470
67 37 13 5 316 587
74 6 29 5 268 389
66 6 7 6 449 511
67 13 8 3 229 498
18 23 16 6 383 627
43 12 14 3 329 578
53 55 14 3 447 694
46 79 24 6 260 482
95 91 26 4 414 554
34 52 27 5 350 474
34 51 19 6 425 653
59 48 29 3 629 754
63 93 28 4 501 734
88 46 16 4 605 795
48 88 29 6 236 361
55 32 25 4 372 462
70 45 26 6 269 482
99 52 21 7 336 404
67 58 30 6 618 793
35 83 6 3 371 638
8 12 5 5 523 685
58 42 13 1 320 498
86 71 24 7 622 784
26 91 28 2 724 784
6 18 6 6 275 403
100 72 13 3 349 531
91 2 22 4 649 786
77 25 22 6 271 380
72 28 17 4 348 629
32 30 19 4 262 338
72 43 23 2 713 774
64 62 22 4 254 431
38 89 16 7 415 686
59 67 10 3 446 630
6 12 8 5 595 728
71 3 11 1 282 506
18 50 28 6 329 429
79 45 5 3 554 764
58 55 28 4 331 478
84 14 13 4 399 459
10 96 28 5 304 533
5 13 11 3 211 357
42 11 5 4 203 503
18 95 19 1 508 625
42 92 10 2 540 703
9 76 11 5 551 797
95 21 20 2 443 713
99 86 17 1 351 463
83 71 21 3 385 642
89 68 23 7 468 657
86 46 23 7 481 736
49 28 20 2 460 667
32 49 19 7 323 418
29 49 12 2 300 572
55 97 17 1 348 458
43 65 11 5 285 456
29 32 22 7 442 703
11 99 12 3 601 742
75 98 17 5 342 468
11 86 27 3 427 590
33 3 25 3 493 713
59 7 29 7 329 580
94 90 19 6 358 632
3 50 23 7 309 412
79 39 22 6 494 691
27 12 5 5 643 763
88 96 18 6 410 642
40 23 20 3 366 535
50 40 8 5 275 528
60 96 28 4 445 600
62 95 12 5 607 699
70 59 14 2 483 606
41 98 12 1 425 528
45 6 24 4 480 769
75 56 10 5 481 765
89 27 15 2 553 729
76 8 8 5 327 566
92 38 10 4 289 572
80 12 11 6 517 619
61 43 28 7 333 486
15 16 25 5 702 792
89 12 15 1 385 481
68 50 25 5 588 796
53 60 24 3 279 496
74 100 5 2 562 688
17 4 17 5 205 393
30 62 19 1 288 498
85 3 6 3 349 548
83 98 13 2 299 469
12 10 13 5 521 697
96 26 14 3 438 733
17 81 27 3 381 588
73 28 19 6 519 664
67 10 5 6 243 448
30 96 28 4 515 635
35 32 11 2 559 732
1 74 27 2 446 667
37 15 17 3 472 724
0 98 6 5 212 507
12 18 24 3 387 575
60 100 9 6 474 642
7 83 12 3 246 414
96 40 25 7 698 792
5 8 23 2 459 581
65 84 18 5 485 593
55 25 12 5 423 718
75 44 10 7 309 531
95 84 5 6 289 367
82 18 18 5 485 653
1 25 10 4 498 599
66 10 20 6 507 721
78 19 11 4 314 470
96 61 8 2 563 795
24 16 9 6 496 580
78 67 11 6 417 629
100 8 5 3 530 666
14 63 13 1 282 435
31 99 26 6 344 445
34 36 20 6 278 339
75 0 11 7 623 705
50 78 11 5 519 659
57 53 21 3 384 453
24 44 11 5 463 740
50 54 16 5 410 489
74 76 15 4 540 672
26 15 6 1 462 560
32 71 16 5 234 524
100 76 15 7 641 740
0 46 5 2 285 480
55 9 19 1 215 480
71 9 13 3 409 493
69 6 7 7 550 678
68 63 23 5 357 594
23 22 25 2 449 662
12 35 10 5 447 686
48 85 27 1 518 631
8 69 28 6 274 500
79 77 17 2 557 718
52 36 18 5 640 776
47 21 20 5 600 788
76 39 7 2 221 367
17 10 28 7 365 456
87 30 16 5 371 664
86 32 30 6 407 642
42 77 17 2 391 583
23 74 9 4 443 689
85 81 10 3 467 735
40 76 13 3 312 497
12 82 17 6 266 524
99 74 17 5 577 722
67 42 8 6 703 772
77 72 14 4 294 526
10 39 14 7 520 651
1 36 9 5 281 468
42 29 12 7 461 647
1 1 14 1 401 513
59 30 7 6 426 503
18 25 16 5 472 686
10 92 9 6 413 607
28 75 22 7 483 772
29 75 7 6 295 433
82 6 11 1 213 306
70 96 29 6 376 520
6 61 20 5 427 501
26 75 12 4 335 590
97 14 28 6 266 387
22 100 6 6 651 799
38 47 20 5 694 781
16 21 11 6 416 588
56 86 11 7 340 482
33 74 10 1 220 367
35 52 27 6 460 717
17 57 13 1 316 526
24 28 9 5 563 690
85 37 25 5 313 563
50 26 8 3 277 374
7 85 25 3 363 646
58 54 22 2 315 421
39 94 20 7 350 425
42 63 7 2 387 611
28 56 15 7 373 492
41 15 10 5 570 720
76 90 29 4 495 591
30 16 26 3 422 501
13 96 17 3 316 585
53 43 7 5 223 459
75 77 30 7 201 437
96 83 21 6 207 473
95 75 9 5 413 582
2 10 10 7 393 473
45 58 15 7 413 597
21 84 7 4 208 426
22 70 19 2 547 694
89 87 29 6 517 722
42 45 6 5 386 558
32 48 26 4 575 732
78 21 22 2 404 671
0 44 29 6 498 563
73 52 27 5 638 767
7 47 22 3 490 727
79 82 22 5 678 741
4 58 26 3 567 666
15 30 6 4 362 565
94 57 6 3 413 671
27 77 18 7 210 344
76 26 23 6 378 594
63 9 18 5 324 395
25 56 13 6 236 467
11 0 30 4 258 540
31 78 7 7 248 352
37 77 15 2 448 537
74 88 8 7 255 471
25 74 26 3 203 284
51 31 9 3 518 682
24 10 26 3 571 763
27 64 26 5 318 482
96 68 10 2 479 765
82 99 7 3 522 696
81 64 28 2 457 624
46 24 23 6 410 480
68 100 11 6 382 534
40 4 28 2 427 672
76 61 13 2 514 793
52 7 15 5 340 548
32 69 8 1 438 569
83 91 25 6 479 729
80 57 15 1 572 743
20 26 30 6 357 636
75 67 25 4 353 490
74 18 8 2 204 326
15 84 11 3 254 338
87 5 14 4 431 601
12 97 20 3 242 311
46 52 24 5 526 787
28 35 17 4 530 687
65 39 19 2 531 735
65 52 26 5 657 770
65 93 15 5 661 798
22 0 19 6 281 346
11 36 17 1 464 545
25 57 27 5 458 587
63 61 27 4 337 482
9 21 16 6 218 446
6 71 13 4 280 440
48 53 25 6 420 576
7 62 30 5 263 464
1 47 26 1 683 773
6 94 23 5 584 685
68 20 9 1 316 523
13 47 8 7 292 519
76 47 24 5 598 722
59 59 25 4 531 791
86 67 28 2 523 588
90 18 19 4 293 402
68 92 29 7 405 556
93 61 24 6 353 597
38 32 12 5 373 480
85 93 29 7 255 437
1 38 22 1 286 577
49 71 11 5 462 577
95 43 24 4 538 745
17 80 12 7 475 774
79 70 17 5 334 581
61 99 18 6 326 500
0 41 23 1 479 592
91 33 24 2 573 688
0 22 11 4 461 687
1 98 29 2 408 479
93 94 10 7 499 776
50 1 23 5 656 781
93 21 5 1 548 676
21 48 21 2 553 758
49 25 30 2 439 580
22 91 5 7 517 658
80 53 7 4 267 508
52 54 26 4 348 451
29 64 25 6 462 737
73 32 26 2 374 481
6 75 12 7 682 789
92 98 9 2 405 518
71 15 20 6 257 436
38 81 22 4 597 769
77 6 26 1 379 516
45 90 28 4 249 319
53 87 28 5 471 729
15 50 27 2 320 406
92 9 11 4 456 590
38 98 5 7 226 354
83 78 21 2 495 742
10 94 13 7 617 721
91 0 27 1 463 669
44 64 19 1 398 653
95 99 13 6 553 689
89 47 18 2 562 654
84 21 13 5 500 756
92 18 15 6 389 580
89 58 11 1 337 607
31 72 20 4 584 696
48 38 21 1 235 431
99 47 14 6 320 434
78 100 14 6 320 549
55 29 9 1 404 488
92 64 17 3 625 699
76 81 24 7 421 675
79 92 25 2 217 327
60 8 14 4 389 651
57 45 29 6 444 695
11 66 7 7 305 546
94 97 7 4 231 499
68 43 23 7 229 364
59 20 23 7 308 577
60 70 6 6 267 414
5 60 10 4 288 439
16 62 29 3 269 433
35 10 19 7 240 496
89 10 15 1 318 596
66 60 24 7 414 567
72 89 11 5 573 776
16 44 22 6 551 646
71 27 29 4 379 615
23 15 19 7 398 622
69 19 16 3 341 430
73 19 25 4 297 540
46 33 27 4 496 633
19 2 9 6 511 637
17 11 9 4 717 784
89 48 6 3 269 339
26 76 25 4 410 688
50 87 5 3 343 559
59 50 8 4 620 682
24 75 28 1 529 681
13 52 29 4 480 626
90 42 12 1 338 612
83 94 20 2 401 490
31 85 24 7 397 577
37 29 10 2 287 363
86 89 13 4 446 612
21 67 17 5 445 609
60 7 24 6 444 540
44 8 12 7 205 501
40 39 15 4 578 733
71 78 21 5 319 524
73 12 26 6 407 489
40 77 19 6 517 597
61 13 27 6 400 472
72 0 14 7 244 451
17 73 8 7 285 446
40 91 14 2 282 448
78 24 17 4 440 549
69 81 26 4 521 701
38 9 13 7 388 552
33 90 25 4 563 785
64 91 30 2 359 610
83 62 25 3 579 668
83 2 16 1 328 590
62 5 13 5 594 711
62 12 25 4 421 719
7 5 20 6 607 695
22 80 27 3 447 579
76 6 11 3 340 512
6 1 9 5 368 560
100 4 27 7 370 645
38 85 14 2 288 542
0 23 21 4 726 795
56 53 18 3 398 648
15 64 7 7 437 625
30 14 5 1 403 637
8 11 19 1 471 581
40 83 25 7 470 541
19 85 13 2 400 620
42 28 12 6 414 577
90 27 25 3 597 788
69 9 14 5 235 367
42 87 8 1 251 415
29 29 12 2 414 536
84 6 12 2 360 527
83 0 13 7 363 431
79 29 13 5 418 683
85 46 29 7 317 461
40 1 27 6 248 399
56 17 22 6 366 457
43 22 18 2 430 591
78 14 10 7 311 450
82 30 15 2 478 596
60 31 16 5 400 604
84 75 14 7 235 348
73 96 6 4 555 670
98 44 25 1 466 685
83 69 21 4 462 524
65 94 12 4 396 589
59 2 20 5 462 545
32 29 17 4 554 794
37 1 26 7 668 728
7 100 18 3 595 778
61 84 12 1 378 623
38 23 19 7 522 690
25 59 12 3 231 531
54 9 24 1 320 468
83 34 29 5 208 395
10 62 7 2 545 768
85 6 12 6 348 609
53 39 22 3 472 593
22 36 24 4 253 378
87 48 16 2 511 787
57 41 28 3 443 616
69 75 16 5 494 711
65 76 28 3 392 556
24 99 27 7 374 497
29 23 20 5 518 734
71 92 13 3 300 574
70 38 25 7 283 399
29 17 23 3 302 380
80 91 19 3 510 645
78 25 23 1 276 384
18 73 11 3 350 439
86 97 24 4 255 434
71 14 11 4 348 628
33 44 21 1 684 754
9 90 7 3 551 685
2 60 23 7 234 423
19 18 6 1 614 685
18 65 11 6 242 404
25 30 26 3 548 695
86 26 11 1 558 756
34 60 9 5 685 763
15 92 12 3 532 696
38 60 13 4 284 508
72 92 11 2 513 642
75 73 22 2 389 628
74 10 27 7 571 735
51 51 15 1 567 794
73 62 5 4 318 450
93 20 29 3 662 800
72 75 24 4 383 525
90 80 13 3 256 331
61 39 28 6 351 421
35 46 14 6 517 683
45 65 6 7 386 516
41 96 28 4 532 627
35 59 16 4 488 716
4 8 8 7 475 706
81 24 30 6 507 780
11 40 12 3 438 732
17 63 7 5 488 695
73 65 29 7 533 770
18 61 12 2 285 458
86 40 8 7 628 726
95 20 9 4 400 553
67 9 9 1 521 596
77 80 11 4 501 657
51 82 29 4 327 390
42 94 27 4 492 625
34 62 15 3 349 625
29 83 13 7 660 723
61 63 23 7 540 613
13 22 21 7 345 548
50 96 11 2 231 362
27 70 22 4 337 630
88 53 14 7 233 490
54 56 20 5 471 603
94 23 25 1 392 552
26 52 29 1 223 373
58 21 19 4 515 727
94 8 11 6 347 602
17 36 10 4 582 778
33 32 29 1 461 734
10 80 15 7 447 615
24 84 9 3 436 613
87 88 16 7 407 509
98 4 28 4 576 638
13 79 29 3 584 727
15 67 12 6 498 751
77 1 6 3 489 764
66 96 5 1 267 484
19 25 11 7 370 664
4 92 6 2 482 692
97 61 7 6 355 592
72 47 27 4 645 757
6 73 23 3 431 655
2 77 19 7 530 727
60 29 13 7 449 682
6 63 20 6 324 432
96 72 5 5 436 506
27 39 8 7 615 696
99 98 10 3 259 551
63 3 27 4 389 521
41 32 22 7 393 672
14 52 13 4 342 539
86 27 13 6 378 512
22 74 10 4 452 646
39 13 22 6 356 506
24 82 19 7 310 523
63 51 12 3 579 746
68 6 5 4 410 681
5 46 24 1 403 582
44 62 23 6 550 726
26 29 23 1 387 569
85 26 8 4 212 443
46 65 29 2 280 485
67 12 13 7 457 666
56 75 11 7 488 576
11 85 5 7 363 639
81 17 15 6 598 774
88 88 29 1 479 702
27 73 9 2 379 448
20 61 19 5 305 424
87 78 12 3 519 621
58 10 26 7 487 726
40 82 9 5 394 539
81 11 29 5 531 763
91 29 30 7 332 487
14 25 18 6 427 516
60 72 21 1 612 672
99 93 15 2 478 628
96 17 20 3 582 650
71 33 29 4 516 599
88 1 21 2 470 763
52 84 14 2 243 542
93 55 22 7 450 632
90 25 15 6 497 657
30 50 13 6 504 722
34 19 26 2 588 741
38 88 14 3 457 690
55 37 10 6 247 518
25 70 25 6 392 566
80 32 5 3 304 395
31 20 9 3 458 626
3 96 13 6 229 374
71 62 12 6 424 536
93 63 5 1 342 452
58 76 15 7 260 439
78 18 12 5 410 505
68 93 13 5 413 634
86 17 15 5 299 543
13 34 13 1 260 368
41 19 18 4 481 707
74 0 22 5 378 576
22 27 6 3 231 353
61 79 6 2 295 459
75 91 11 4 407 586
90 76 23 7 608 669
68 47 9 7 480 701
97 41 9 7 551 726
39 24 27 2 280 409
48 30 24 3 220 481
85 98 23 1 609 688
32 89 30 5 240 452
61 72 23 1 331 487
96 53 25 7 612 676
8 86 25 1 584 748
1 94 27 2 637 753
23 44 26 6 335 475
1 70 11 3 357 441
30 13 6 2 382 528
7 31 22 2 492 676
46 83 8 1 313 501
43 43 22 5 391 532
70 64 26 4 629 794
61 9 6 6 568 691
89 66 29 7 615 718
73 13 20 6 444 734
67 68 7 4 423 691
49 89 15 4 222 369
61 76 18 6 233 368
75 57 17 1 299 362
100 3 27 2 589 728
44 18 19 3 307 519
25 52 21 4 459 688
27 57 5 2 203 386
53 25 24 1 557 665
11 56 6 3 407 704
4 95 19 7 564 712
86 88 25 6 411 533
10 57 28 4 443 711
60 48 29 4 233 299
5 4 6 3 353 468
91 46 18 7 236 457
48 84 19 6 497 562
47 66 30 1 341 446
41 23 17 5 337 573
67 29 13 5 326 602
7 66 8 6 359 531
89 92 28 2 264 409
65 72 27 3 318 550
9 86 15 6 665 751
58 30 5 2 451 633
96 66 26 6 505 681
71 63 20 7 232 500
47 71 22 1 539 633
33 9 9 3 229 316
7 73 19 2 330 453
13 67 29 4 511 790
17 58 23 5 631 796
88 11 24 3 447 649
56 8 28 4 276 474
35 70 11 3 453 547
62 80 7 7 428 692
71 43 21 6 241 465
75 13 28 1 202 477
43 19 24 6 205 375
84 84 5 7 338 414
0 35 21 1 309 518
18 97 16 2 512 718
95 48 15 7 276 336
52 33 17 6 266 393
68 91 16 7 547 702
77 14 11 2 572 766
34 39 28 7 561 635
93 97 28 4 539 746
17 33 16 2 587 796
67 65 25 5 254 419
24 21 23 3 226 410
89 76 30 5 427 696
59 31 22 1 215 297
18 2 17 7 375 616
77 59 18 1 299 555
19 71 6 2 308 573
44 67 11 5 422 683
22 47 27 7 371 474
43 32 19 4 421 659
49 73 16 5 608 777
68 17 19 2 478 654
62 81 28 5 412 711
82 95 29 1 341 432
66 69 25 2 395 510
66 2 9 4 635 765
94 56 16 6 592 749
42 57 26 2 455 621
33 72 23 6 466 666
6 17 22 6 463 589
17 88 16 1 473 753
68 4 17 3 440 672
85 74 5 7 345 625
69 36 10 7 357 648
25 38 28 2 494 564
41 79 5 5 452 567
69 85 5 7 593 686
3 13 25 5 405 645
53 98 16 1 398 666
0 61 16 5 645 757
97 67 9 7 204 332
41 31 9 2 387 686
94 24 14 5 334 396
21 90 8 5 256 400
24 6 5 5 350 638
97 89 5 6 320 404
56 44 16 6 275 526
39 40 6 6 471 752
82 56 15 5 272 441
44 25 13 2 612 778
53 99 5 2 611 781
35 11 8 6 432 539
55 26 27 3 280 459
61 74 18 6 327 527
78 92 29 7 528 670
5 5 8 4 627 796
51 56 16 6 644 736
90 15 25 6 368 604
80 66 7 7 313 538
64 22 15 7 590 672
61 11 10 4 654 728
25 28 6 5 450 634
7 16 23 5 280 344
93 31 19 1 253 503
72 2 24 4 522 660
99 69 19 3 264 529
77 85 17 1 269 472
5 75 23 4 218 455
71 98 8 6 439 561
46 95 22 7 296 474
35 88 5 2 485 594
74 3 5 3 292 501
36 0 30 3 270 420
9 94 13 1 265 335
45 69 11 7 479 778
41 86 22 7 269 540
27 20 25 4 486 738
92 21 23 7 340 604
56 30 9 7 361 590
43 4 24 7 437 658
87 44 8 4 612 776
69 76 15 1 319 556
62 90 30 3 226 428
55 56 25 1 400 570
64 89 11 4 306 479
66 17 25 5 213 324
94 29 14 1 638 785
67 45 8 2 577 685
96 44 9 1 264 432
2 71 27 3 585 689
21 78 16 7 666 735
84 16 26 1 271 482
12 39 17 4 242 371
33 89 27 6 214 315
17 91 23 1 450 713
66 21 22 5 291 499
27 63 8 2 515 773
40 25 30 1 359 623
50 44 11 6 232 433
89 65 11 3 553 697
67 85 5 7 246 306
90 35 10 2 426 585
30 45 8 7 303 509
35 35 6 2 475 691
79 34 9 1 251 498
49 7 22 7 476 767
94 59 10 2 319 450
24 76 7 2 367 435
13 11 20 2 273 502
45 99 7 7 390 453
21 98 21 2 281 427
19 53 26 2 412 616
68 64 6 2 697 760
74 89 22 7 417 511
62 34 15 3 556 633
70 66 9 7 447 612
37 3 25 1 224 384
59 79 11 6 501 726
97 42 20 2 418 570
70 79 8 4 297 573
18 55 17 1 293 570
36 17 25 5 501 691
17 43 10 6 707 789
42 49 26 6 227 339
11 51 9 2 202 343
68 61 16 5 520 667
91 16 6 6 635 707
80 85 16 4 203 409
5 0 14 2 304 586
7 82 21 3 386 643
56 35 22 7 488 737
74 70 23 5 385 646
0 63 7 5 471 732
85 4 28 5 373 498
95 16 6 7 436 542
81 44 17 7 270 383
12 17 28 4 231 381
71 28 22 2 458 580
69 5 12 4 366 532
53 67 19 3 472 593
67 35 11 4 325 575
24 92 5 3 586 756
83 42 9 2 280 431
52 87 19 1 201 282
69 48 21 7 455 737
69 47 21 2 499 745
66 32 12 4 260 510
1 58 9 2 262 405
18 92 15 5 371 491
61 66 13 5 326 613
46 34 16 5 437 644
89 4 13 3 426 688
67 24 27 3 429 570
76 46 18 3 286 538
44 50 11 4 490 674
7 60 30 4 259 538
52 38 20 5 731 796
52 72 23 1 208 277
18 63 28 3 262 402
52 78 5 5 516 601
27 8 22 2 290 381
82 88 23 1 435 581
14 27 20 2 522 788
83 36 23 3 469 550
63 84 29 2 274 454
98 0 25 4 520 779
68 81 9 4 481 709
53 74 21 6 567 672
2 45 6 3 226 298
67 81 28 7 642 740
62 72 19 3 475 773
23 32 10 4 399 628
55 92 19 3 295 486
10 47 12 7 281 551
65 100 22 5 402 555
12 23 21 4 445 607
56 59 25 2 555 735
27 99 8 1 427 700
68 59 19 5 385 485
76 66 28 1 262 447
19 100 28 3 539 765
35 30 18 5 638 794
95 53 8 5 237 332
27 22 14 5 442 650
74 37 19 1 499 610
14 1 17 1 330 586
72 6 14 3 514 677
13 38 18 4 357 500
72 52 5 3 556 674
93 91 19 4 488 722
88 45 13 1 226 392
76 10 24 3 717 788
64 80 5 4 397 568
66 19 12 7 245 327
80 10 19 7 523 701
57 37 10 7 415 579
79 72 17 4 305 457
75 50 10 2 249 354
46 92 21 5 388 679
77 61 8 2 476 671
31 46 25 7 290 589
16 36 5 7 272 352
12 47 7 4 386 567
16 64 13 5 206 379
47 52 30 2 419 520
85 92 29 1 321 591
49 67 7 5 681 753
44 33 29 4 435 527
89 37 23 6 259 354
54 32 19 3 213 275
30 89 27 3 358 513
98 84 25 6 344 556
80 13 18 3 255 473
21 89 24 4 374 591
64 52 8 7 585 706
18 34 5 6 393 535
71 51 20 6 220 337
58 40 21 3 542 785
22 62 5 1 596 785
36 33 19 6 383 634
82 87 10 3 205 412
86 51 7 5 420 697
74 82 23 7 601 758
87 11 28 6 506 797
37 37 21 7 257 358
27 71 23 3 427 600
37 69 16 6 593 769
20 68 10 1 287 443
59 27 7 7 281 452
29 93 5 5 228 306
65 3 23 7 281 477
52 47 9 2 487 635
7 1 24 4 361 551
84 8 15 2 246 404
64 78 27 1 642 705
94 18 7 7 592 742
56 45 26 4 652 729
62 40 6 6 304 396
83 95 28 7 229 432
8 50 14 2 724 786
68 66 9 1 527 786
44 45 29 6 353 537
61 55 22 4 203 449
0 14 27 2 290 371
94 58 9 1 250 376
19 1 9 5 466 549
95 7 27 6 224 395
76 2 24 3 347 584
25 48 18 6 251 461
42 90 5 3 230 345
64 100 14 7 445 611
91 45 25 3 377 675
29 19 19 5 562 703
17 32 5 6 502 761
61 25 16 2 292 441
55 60 21 1 493 785
83 83 27 3 292 506
20 73 19 7 529 598
80 87 26 2 214 344
60 26 13 3 433 677
7 78 27 1 234 447
48 33 5 4 417 619
89 57 26 1 474 685
8 18 11 5 460 760
96 18 12 4 356 490
61 0 27 3 593 725
37 89 26 3 242 316
20 49 9 2 253 434
87 81 10 1 542 682
13 0 15 2 274 461
92 96 26 7 370 653
16 3 10 4 391 554
55 27 28 4 290 549
59 57 15 3 493 711
70 41 18 7 392 538
96 37 15 1 474 656
2 98 10 3 400 612
60 54 17 4 520 782
31 86 23 2 246 399
7 68 15 1 227 453
68 79 16 3 436 689
61 59 11 4 462 583
68 74 19 4 384 522
24 77 22 4 269 564
82 66 14 4 351 506
52 17 17 1 599 688
72 63 26 3 349 645
58 69 16 2 708 797
26 34 30 1 389 530
65 29 27 3 363 509
51 61 15 1 297 569
74 92 6 1 482 607
15 26 9 1 249 460
49 39 14 7 631 745
53 45 8 6 545 606
71 50 25 2 530 657
49 58 13 4 532 607
43 82 16 1 544 767
41 82 15 5 288 532
90 73 6 2 496 754
94 33 15 6 263 368
72 21 11 7 590 660
72 45 21 2 505 771
79 38 12 2 587 783
29 54 9 3 275 476
18 98 24 7 536 657
11 95 25 4 346 464
47 94 28 7 584 722
43 42 15 3 264 337
12 8 24 3 226 379
51 70 26 5 424 622
42 33 20 2 519 696
71 47 15 1 398 532
0 82 21 2 543 671
50 53 6 7 590 650
5 57 16 4 218 361
74 81 15 5 395 582
93 77 30 5 223 427
4 84 10 3 640 773
36 86 9 3 337 437
30 29 29 3 447 593
81 56 20 7 540 621
37 71 14 7 298 588
61 69 29 3 543 747
39 42 9 4 335 589
52 75 20 7 520 594
40 93 18 3 396 505
17 79 9 6 287 559
11 37 17 6 589 772
89 15 7 6 408 585
5 92 10 3 571 712
11 25 24 3 217 323
54 99 17 5 439 721
62 99 16 5 416 558
78 47 13 4 355 564
74 52 8 4 396 628
8 23 27 7 234 391
66 48 8 1 567 789
48 98 9 6 543 696
17 87 26 6 665 783
87 9 23 4 332 443
77 4 29 7 432 610
7 36 28 5 445 554
80 20 7 4 245 510
90 14 24 5 245 532
21 24 30 5 405 636
31 52 5 6 373 464
84 41 9 2 521 733
56 52 23 2 378 673
75 12 5 2 302 488
57 82 15 1 603 693
34 58 14 6 614 703
44 77 15 3 319 567
40 6 25 6 518 584
32 99 24 1 548 690
66 23 17 7 522 675
74 45 19 1 544 709
97 46 10 6 484 549
56 0 16 2 591 758
2 58 26 5 286 405
16 39 27 4 542 721
90 29 15 4 256 331
94 78 15 4 305 505
70 83 10 4 523 630
47 37 14 2 363 555
97 98 19 2 234 526
48 47 6 7 240 432
47 58 18 4 515 774
17 21 12 3 571 771
78 34 16 2 354 513
3 16 12 7 347 640
97 3 20 6 591 709
77 91 10 5 335 478
26 95 12 1 285 492
85 100 10 2 303 555
18 22 6 2 585 760
60 67 26 1 226 363
30 36 17 2 216 341
4 35 21 5 666 752
92 85 26 6 420 644
15 12 17 5 338 621
31 68 12 5 583 720
49 37 7 1 648 795
21 58 14 4 482 667
61 92 6 7 396 685
42 96 18 4 609 677
46 61 15 6 415 501
40 27 21 6 591 664
16 49 12 4 605 678
40 65 9 2 603 730
51 54 26 2 496 678
53 58 13 2 698 759
2 40 9 3 517 708
53 53 18 5 400 464
2 65 24 3 212 488
24 97 18 4 586 789
43 90 13 7 443 709
77 99 9 1 293 584
92 12 13 2 481 629
17 30 17 5 666 777
15 21 21 4 280 505
14 29 12 2 404 626
62 38 13 5 537 727
95 58 7 4 315 595
62 66 6 1 506 612
32 55 8 7 287 579
13 71 15 4 276 439
49 40 19 6 447 579
29 84 8 5 526 783
11 27 10 6 230 307
41 41 10 1 400 620
3 1 15 4 292 473
16 6 19 1 550 788
31 48 16 1 355 648
21 88 18 5 395 685
88 39 14 2 562 670
39 35 22 2 524 686
67 73 12 2 331 442
94 92 5 2 449 685
96 50 24 4 578 777
11 88 25 1 330 587
11 30 16 6 242 358
97 10 20 1 538 605
87 38 16 3 651 800
25 0 27 6 543 769
6 49 30 7 521 624
56 24 6 3 348 585
21 72 13 3 448 594
35 22 28 7 555 644
12 78 9 2 383 507
15 27 25 3 601 747
46 86 24 5 420 490
100 21 16 6 496 698
35 100 5 2 369 563
71 36 22 1 335 555
16 41 22 6 429 572
59 87 18 7 486 620
93 26 16 4 479 589
39 72 19 3 219 416
36 43 26 1 207 320
4 82 25 2 395 554
52 58 28 3 372 605
19 78 29 2 310 501
58 45 26 4 526 703
59 72 26 5 288 428
75 69 12 2 529 773
54 59 17 4 391 479
78 31 6 1 299 368
52 83 17 7 360 637
61 53 30 7 279 378
4 73 11 5 384 629
34 32 18 2 525 608
61 58 6 2 200 455
47 51 24 6 229 420
26 99 20 7 413 494
91 100 19 6 369 467
1 26 24 3 654 729
62 8 13 5 507 609
32 19 9 2 203 441
11 96 27 5 443 589
10 95 23 6 229 417
84 39 9 1 472 768
53 61 24 7 422 660
8 54 24 5 449 638
86 44 24 6 226 514
69 83 24 6 307 434
24 27 21 4 236 364
92 16 30 5 439 554
47 95 13 4 386 556
99 81 18 2 355 624
84 18 9 1 531 776
61 64 10 3 353 560
68 80 18 2 256 470
57 7 30 4 389 613
44 44 30 1 491 687
95 28 5 7 697 796
93 24 20 6 421 564
81 95 24 1 353 530
32 96 9 6 574 745
39 14 19 7 253 434
83 73 6 6 252 326
36 18 26 3 419 670
54 18 30 6 667 788
60 75 8 5 528 782
9 54 15 5 272 517
58 25 22 6 518 783
5 28 21 7 240 443
1 49 7 7 621 706
82 23 14 4 632 793
38 17 8 3 468 535
100 69 23 2 575 687
66 26 21 5 440 699
14 44 25 2 498 576
75 53 13 5 570 786
37 63 25 2 351 618
23 36 5 5 556 658
11 72 30 3 528 673
27 15 20 2 290 462
53 96 9 4 436 514
43 37 16 4 533 725
32 79 8 6 577 692
89 95 9 6 438 698
92 51 24 4 215 303
8 81 11 4 282 539
59 76 20 2 229 340
74 41 30 1 231 423
2 83 30 3 434 685
90 60 10 2 241 508
39 53 29 7 536 703
24 96 18 3 456 715
19 87 27 6 488 738
82 48 19 6 399 533
68 24 14 1 485 632
23 12 24 1 435 497
73 33 20 6 378 526
45 34 12 2 582 766
70 87 12 7 578 666
78 98 7 1 301 364
100 49 10 2 394 521
93 86 8 5 540 725
77 19 16 1 347 409
77 40 19 5 217 490
9 12 9 4 330 501
10 29 9 6 204 492
57 74 10 4 485 604
54 37 12 4 352 419
81 19 30 6 471 555
18 48 23 1 474 768
33 88 19 4 284 530
82 27 29 3 414 596
25 17 12 7 562 719
99 38 10 6 254 440
86 98 29 3 377 571
61 54 24 4 285 576
80 74 14 1 229 317
11 13 17 2 383 578
29 11 24 3 308 447
66 43 7 1 412 590
84 59 22 1 507 702
48 34 12 7 301 403
71 68 26 5 369 433
23 25 12 5 635 702
84 61 15 5 474 630
8 74 5 5 676 797
60 35 26 2 517 593
90 31 25 6 424 664
48 44 11 1 445 692
78 79 13 4 467 710
7 99 29 4 312 406
87 98 11 3 382 511
85 22 11 1 222 294
37 48 12 4 210 344
58 52 22 7 562 734
64 39 29 7 395 470
27 37 19 6 589 710
90 24 17 6 410 635
74 94 23 3 437 594
9 100 8 3 327 507
54 92 5 3 372 475
76 43 19 3 553 656
80 86 15 7 310 407
26 69 12 4 231 484
70 12 29 7 338 432
11 59 7 2 503 750
51 21 29 1 444 521
57 32 26 7 612 752
71 67 24 3 275 560
74 24 29 4 480 609
3 63 5 3 273 524
91 31 14 1 267 508
92 53 20 1 322 405
72 62 14 7 215 511
62 30 7 3 578 645
33 26 21 3 409 557
59 37 23 5 270 435
0 2 15 6 306 501
86 64 15 4 540 666
90 2 18 1 647 757
40 45 25 2 366 512
4 89 25 6 554 696
58 87 26 3 540 774
90 0 16 6 588 712
87 28 10 6 539 747
23 55 17 2 624 704
53 13 30 1 559 771
50 37 6 7 486 701
90 21 13 3 422 680
10 49 20 1 259 528
47 81 5 3 263 402
70 24 25 3 307 540
29 8 10 3 207 484
81 86 8 2 273 427
19 93 16 6 285 403
96 76 28 4 334 522
31 18 6 6 309 378
58 3 30 3 637 749
28 96 15 3 544 729
7 90 23 4 611 680
51 76 17 2 480 645
48 91 25 1 594 718
40 31 9 6 403 636
36 87 9 1 260 377
29 72 12 5 423 688
16 92 21 6 359 591
54 61 5 2 594 706
39 62 18 3 287 357
29 88 28 5 516 710
34 0 26 6 464 734
64 33 9 1 439 575
41 68 5 4 637 770
27 7 7 3 526 735
63 44 5 7 203 428
70 91 9 5 409 642
38 28 15 4 588 694
30 21 8 2 355 630
49 96 17 7 536 674
31 21 8 2 313 498
38 90 11 6 649 755
14 45 14 3 205 284
54 34 18 6 338 560
85 15 23 2 571 677
26 20 7 4 561 771
45 71 6 2 378 568
34 64 12 3 298 475
39 93 18 5 438 582
49 34 11 6 475 634
1 37 14 5 474 603
85 94 7 6 296 545
61 6 7 7 457 629
97 34 28 5 285 513
64 86 5 7 538 617
92 72 8 3 258 556
16 70 16 2 670 793
94 86 23 1 569 654
44 30 6 2 290 554
0 97 10 3 251 373
15 5 6 7 480 757
3 39 19 7 417 538
92 63 18 5 279 534
61 70 30 5 346 406
35 4 19 3 264 496
90 75 7 2 374 540
17 66 15 1 249 500
53 29 14 6 526 651
74 75 28 4 383 594
8 96 20 2 251 422
0 83 20 6 374 648
29 78 25 1 552 714
31 16 10 4 633 746
43 81 20 6 496 636
40 22 20 2 284 346
78 96 30 2 342 404
53 51 14 1 424 701
85 39 11 1 238 319
3 20 7 1 695 758
44 88 24 2 335 447
30 43 18 3 228 381
3 45 19 6 608 678
13 68 16 3 368 651
50 31 18 5 647 757
47 77 14 3 579 747
80 80 30 5 237 499
78 72 13 4 653 790
6 76 11 7 387 636
67 72 22 5 723 800
3 18 9 6 243 310
49 88 10 3 327 470
86 74 28 4 474 648
55 88 5 6 502 767
100 15 26 2 616 747
46 56 16 5 303 550
65 55 15 3 616 725
54 62 23 4 422 532
5 30 15 6 221 516
2 89 5 6 325 588
60 47 30 6 394 645
12 84 17 4 395 600
5 20 11 3 544 611
81 77 19 7 389 615
99 67 11 7 340 598
93 14 26 4 581 739
57 19 16 5 394 515
66 76 25 3 471 647
41 4 29 6 461 632
63 69 25 2 593 679
61 19 12 6 268 461
97 57 17 3 285 457
21 18 6 7 371 651
46 72 5 4 386 511
26 50 24 6 515 703
74 35 28 2 262 374
50 32 5 4 294 366
91 49 10 4 277 403
76 29 28 1 387 598
11 71 14 2 429 527
63 64 19 3 550 700
11 7 22 5 282 386
23 50 30 5 518 683
95 57 15 4 212 468
55 62 27 7 297 580
35 54 7 7 442 558
43 66 7 5 435 565
51 84 29 7 414 587
52 35 5 1 240 382
22 71 26 5 407 553
63 55 15 1 359 641
7 25 28 3 579 650
41 2 28 7 481 706
30 40 9 3 359 646
42 81 7 6 560 790
20 54 28 3 412 522
70 1 10 2 564 689
56 34 28 5 574 771
35 90 21 1 269 462
5 80 27 4 246 480
67 59 14 3 319 524
95 24 22 5 524 700
39 4 15 3 400 484
92 94 7 7 204 334
66 58 13 1 357 619
20 94 26 7 341 434
75 62 18 3 212 457
19 75 11 3 226 486
56 54 23 4 541 695
77 24 21 2 497 723
97 78 12 1 261 535
36 94 20 7 501 676
88 35 8 1 367 576
19 74 10 7 293 582
64 13 16 7 313 467
43 8 22 5 561 625
62 61 22 1 202 442
5 41 21 6 367 432
62 87 29 1 297 422
27 79 23 5 254 331
2 47 7 3 630 736
98 16 13 1 354 448
77 97 17 2 372 551
29 3 7 4 413 602
66 73 12 3 322 547
59 80 15 2 413 561
54 20 12 4 221 423
84 88 17 1 536 730
15 39 22 4 320 505
96 71 12 6 451 675
73 92 24 6 684 791
54 57 11 1 364 633
62 51 15 7 406 553
86 90 10 2 242 459
77 83 24 7 510 698
13 85 16 1 378 456
64 37 5 2 461 706
57 28 17 5 374 651
13 39 9 1 462 544
97 74 8 2 528 652
94 94 21 2 359 598
68 45 15 3 291 432
39 15 17 5 358 527
21 61 21 3 409 502
10 54 19 1 331 439
16 93 25 4 590 683
67 52 22 3 374 558
71 59 20 2 260 365
24 3 29 4 362 590
71 76 15 2 349 438
62 36 9 5 381 584
91 1 20 4 384 454
58 49 24 6 265 466
94 47 12 4 364 543
71 0 15 2 239 491
14 41 24 4 332 415
11 48 20 7 396 540
7 40 22 7 218 361
87 62 27 3 472 588
47 13 30 6 488 654
10 11 15 6 238 525
4 9 27 7 287 401
32 97 19 4 647 797
95 71 20 5 525 716
59 84 19 4 456 583
20 24 18 1 298 580
60 92 24 3 393 561
74 23 28 2 392 653
96 46 23 2 344 420
18 35 30 1 567 792
74 93 13 7 372 515
89 26 5 4 619 764
46 76 6 1 522 713
64 25 24 5 612 711
99 12 23 3 423 536
18 8 21 7 395 541
5 9 19 5 288 580
61 28 30 4 525 753
8 16 6 6 255 522
69 65 23 3 511 678
25 81 9 4 533 611
12 58 19 4 214 512
67 86 19 7 408 624
11 9 29 2 278 449
38 67 17 2 526 641
44 52 10 4 523 680
45 86 18 1 305 534
29 61 8 6 387 454
54 15 29 7 352 467
13 50 30 6 366 528
5 44 28 3 502 779
86 9 23 4 439 594
58 90 20 1 291 544
59 18 9 7 261 461
72 94 14 3 561 636
18 20 20 3 417 523
79 84 26 4 227 347
68 48 19 6 380 485
7 10 28 5 610 719
11 76 11 5 520 610
0 72 14 6 666 749
25 33 10 4 314 590
67 19 10 5 236 397
75 20 12 5 376 479
1 29 30 7 327 399
60 68 8 5 228 523
86 53 17 5 595 688
87 2 5 5 248 518
36 84 28 4 517 726
55 52 13 7 329 427
71 54 9 2 562 733
4 76 29 1 336 469
49 87 13 3 222 398
7 80 9 6 323 466
3 58 13 1 226 384
42 47 27 1 427 606
85 31 19 2 427 690
55 71 11 4 360 592
6 96 26 1 432 520
1 76 21 7 497 746
5 37 29 1 313 489
95 73 15 4 261 336
37 93 10 2 520 727
50 0 18 5 288 452
17 46 21 1 458 561
24 9 25 1 261 389
48 65 24 4 460 654
51 62 27 2 535 770
15 95 9 6 470 541
97 81 25 3 384 504
80 84 24 2 538 745
1 0 7 7 282 537
23 66 28 7 294 444
37 43 10 1 472 713
92 46 28 7 562 791
96 30 5 1 552 750
87 92 13 4 321 495
23 100 6 6 588 657
31 95 20 1 288 479
11 19 14 6 401 564
54 44 20 1 481 705
20 51 28 1 609 694
72 15 15 4 293 491
60 87 15 7 444 701
25 99 24 4 437 581
49 98 12 6 367 537
20 89 12 7 550 798
2 70 25 2 495 713
17 16 26 5 499 739
28 92 7 4 320 575
16 65 6 5 337 406
72 42 25 5 479 748
70 75 13 2 251 364
29 77 14 7 288 467
26 51 21 3 498 633
13 2 10 4 354 528
52 26 19 6 343 608
62 82 9 1 449 566
83 45 13 5 262 407
61 32 28 3 518 767
12 12 7 6 727 787
83 29 10 5 254 494
45 9 29 1 248 452
47 62 29 4 239 516
46 13 5 4 647 724
31 34 22 3 398 687
70 48 28 1 500 735
3 31 16 7 637 712
69 91 11 4 552 782
10 84 14 4 330 448
99 61 14 1 572 750
88 37 20 3 348 497
72 16 11 1 528 660
63 79 14 3 211 373
5 68 22 3 319 619
83 99 19 4 348 551
37 78 22 5 314 396
70 53 17 7 669 794
6 99 26 1 385 466
92 49 10 6 687 768
92 79 18 3 417 643
98 26 23 7 245 533
23 77 19 2 432 685
78 89 14 5 353 609
64 55 14 5 491 554
34 55 23 7 588 795
46 23 14 2 616 770
19 19 20 5 600 782
38 52 22 2 288 395
14 55 15 6 236 332
17 77 27 2 535 759
12 50 13 6 591 702
20 70 16 5 327 531
56 96 8 7 487 580
5 19 26 4 428 501
21 40 6 3 541 665
83 21 11 3 591 653
