1861
68 36 0 0 0 0
85 67 29 7 437 723
68 33 26 6 507 655
83 97 12 5 520 589
88 94 11 5 279 520
18 42 20 5 499 736
40 6 11 3 658 764
74 57 10 1 440 735
6 20 20 3 416 576
63 39 13 7 341 615
26 72 27 6 654 737
56 31 8 6 429 526
5 68 17 6 323 559
73 32 7 4 229 515
84 30 7 6 390 531
90 42 11 2 456 540
96 63 28 5 205 482
66 57 30 2 251 347
3 39 22 2 246 535
94 73 30 1 426 713
48 94 28 4 603 695
79 23 21 3 209 452
23 36 20 6 542 707
33 73 28 4 641 787
75 40 29 5 724 787
78 26 15 1 668 753
86 98 25 5 385 533
77 35 15 3 245 370
97 2 5 4 251 481
53 72 14 3 283 510
22 41 24 7 466 610
32 38 21 3 439 697
30 21 22 6 377 482
36 87 23 4 342 524
39 88 24 7 567 761
32 3 29 2 609 725
15 75 26 7 308 541
54 40 16 7 302 535
21 86 11 4 514 759
34 86 17 2 497 642
38 29 6 7 347 594
20 56 7 2 457 576
99 65 15 1 373 435
69 2 13 5 311 568
78 20 26 5 325 587
99 6 20 4 341 620
4 100 22 3 276 537
72 81 25 5 646 734
52 62 18 5 343 543
73 52 25 5 277 522
61 87 8 7 305 481
27 92 9 5 445 542
43 58 17 7 347 600
99 75 15 5 248 336
45 47 16 6 441 511
63 79 21 2 563 744
96 55 16 7 541 783
67 57 13 5 537 697
42 17 15 2 335 425
78 47 15 4 315 387
68 18 16 5 313 608
26 40 20 3 433 613
70 92 6 2 402 629
93 69 12 1 554 761
70 31 28 5 295 356
93 63 13 7 266 366
89 54 11 4 203 398
84 85 17 7 245 535
3 59 11 6 504 733
13 10 28 2 448 735
89 91 21 4 248 321
5 88 7 5 434 537
56 14 14 5 460 535
11 52 7 5 257 476
1 28 11 4 256 510
80 72 28 5 402 525
48 80 24 2 244 435
65 25 28 6 204 345
47 73 11 6 402 602
63 11 29 4 244 530
73 46 10 2 241 336
100 88 26 5 365 522
92 55 13 7 359 610
69 66 9 1 303 367
26 21 28 7 408 623
50 25 28 5 379 560
61 29 22 1 541 648
54 13 16 1 259 352
85 53 30 1 564 632
90 72 21 3 209 448
6 54 17 3 469 577
68 97 21 3 536 702
46 53 5 2 653 719
5 59 21 3 713 793
27 39 22 7 379 479
43 50 30 4 601 762
9 24 8 6 427 609
98 12 13 6 509 636
27 87 13 3 619 786
44 52 8 2 298 385
53 89 27 4 561 701
75 69 10 1 396 683
89 61 25 5 499 586
34 70 30 1 264 492
74 17 8 7 458 531
95 83 7 7 239 316
68 90 8 1 426 664
29 5 13 2 238 520
84 21 29 6 305 486
13 75 20 7 312 416
15 63 6 2 276 392
53 100 17 5 475 640
5 7 17 3 556 785
97 10 13 4 421 716
35 52 29 2 699 778
30 17 30 7 485 624
48 61 26 4 390 616
20 64 11 1 424 663
47 96 7 6 364 589
75 89 9 4 622 743
60 32 6 5 286 348
75 27 8 7 532 713
74 39 15 5 436 612
12 8 28 1 592 796
73 16 11 5 389 596
60 89 11 5 213 409
39 57 16 3 442 701
98 63 13 5 375 512
82 89 5 4 515 723
4 51 26 4 340 567
95 12 26 5 263 453
72 47 21 1 679 778
23 25 14 4 376 657
56 50 30 3 441 549
38 37 16 1 323 616
41 61 10 4 315 570
55 31 23 1 305 464
9 82 23 5 429 520
83 19 12 5 322 437
70 15 7 4 296 567
49 88 14 4 379 479
69 99 30 3 456 689
45 39 22 6 460 704
3 16 20 3 506 725
31 23 25 1 263 492
59 85 12 7 247 474
55 79 28 2 442 689
97 67 24 3 460 744
13 35 5 3 353 490
85 58 16 1 526 639
26 16 5 5 704 796
75 88 26 3 222 394
97 92 18 7 725 792
49 60 23 2 550 658
37 51 16 3 278 483
10 3 18 7 637 724
39 22 13 1 480 747
85 2 17 7 505 604
95 92 20 3 467 616
23 53 23 6 269 334
56 87 25 1 564 769
61 24 27 7 603 707
22 100 27 5 518 795
32 85 19 1 362 550
61 0 6 6 507 627
27 45 7 1 255 483
7 58 14 2 513 739
47 27 25 5 489 566
15 42 24 7 209 331
17 19 5 3 205 325
23 77 24 3 225 483
93 15 25 1 290 422
75 62 9 6 620 768
48 21 22 4 351 527
52 14 16 6 279 393
31 75 12 4 290 577
94 26 30 7 533 777
93 82 30 6 625 748
12 45 28 6 355 446
27 71 11 7 523 787
58 45 27 5 706 776
46 30 28 1 608 685
87 74 8 3 390 682
69 60 24 4 280 545
81 44 5 4 338 439
92 90 26 7 357 468
93 37 27 4 560 798
5 46 27 7 411 553
43 94 7 4 471 599
92 42 20 4 552 746
100 30 19 2 235 439
92 52 24 2 330 579
70 98 14 5 422 539
88 69 9 4 475 565
69 84 14 3 610 696
14 45 17 5 596 741
71 61 14 3 293 417
11 73 5 4 661 788
46 34 28 5 502 732
66 85 9 5 521 637
37 50 20 3 538 708
66 26 27 1 314 562
68 74 15 3 372 617
93 54 12 3 372 511
0 45 8 6 439 723
87 79 29 1 668 765
6 3 5 4 230 348
2 8 6 6 328 600
43 53 11 3 370 659
77 40 27 5 316 525
90 40 16 2 452 718
76 1 23 4 303 385
38 0 24 2 393 674
49 97 18 1 257 331
87 54 17 7 351 415
42 39 14 7 413 623
57 20 5 7 219 322
11 49 14 4 288 566
77 10 12 5 351 627
7 13 10 3 299 496
1 71 18 4 377 592
91 93 9 1 488 678
51 71 30 3 221 515
30 48 20 4 503 661
32 58 5 2 390 523
28 29 9 3 625 726
13 71 13 5 228 414
28 66 29 5 339 483
87 57 13 3 275 512
4 48 10 7 401 611
61 43 15 1 367 470
21 78 26 5 547 767
63 43 27 2 422 676
35 62 20 2 609 737
86 40 17 4 229 467
93 9 5 1 535 711
16 94 19 1 323 521
25 21 20 7 406 555
100 25 6 4 439 637
82 26 19 6 289 522
1 39 13 4 398 689
3 18 17 6 600 682
87 2 10 7 458 736
9 87 20 4 297 568
12 76 16 6 282 567
23 35 9 2 346 506
7 80 29 1 531 644
77 32 28 5 541 607
79 29 5 4 235 404
70 82 5 3 257 492
87 11 22 4 363 468
70 12 20 1 362 595
73 47 10 2 576 729
73 35 15 1 587 659
50 83 21 4 497 613
44 67 7 3 476 726
20 41 14 2 342 492
51 55 19 2 213 376
93 49 18 2 249 349
62 24 11 3 411 675
59 83 19 7 531 599
7 82 5 1 228 442
56 20 10 6 410 661
42 37 15 1 211 296
38 6 19 2 272 492
22 68 7 2 576 690
49 82 15 3 454 596
8 94 17 2 344 489
66 64 5 1 410 696
64 31 9 4 465 762
17 49 23 3 221 329
95 19 14 6 534 749
46 46 27 5 572 792
10 88 17 3 478 563
33 57 9 1 363 570
78 53 25 6 420 522
43 76 11 6 340 599
45 12 17 6 581 759
66 39 12 2 390 504
4 99 27 5 205 351
99 62 21 2 483 747
4 56 24 3 566 662
34 50 12 6 463 591
49 2 7 6 414 571
8 71 13 2 359 577
85 59 9 3 288 552
63 64 13 2 438 730
92 19 12 4 410 628
5 55 5 4 243 417
14 64 27 3 535 667
15 89 15 3 579 746
83 73 5 5 458 601
96 46 30 3 458 695
51 4 5 4 307 572
98 80 22 3 266 482
66 72 21 2 422 566
25 83 10 5 277 391
91 51 22 6 551 654
4 54 14 5 318 602
8 60 8 1 442 503
36 47 28 6 371 555
96 48 26 5 446 658
70 36 8 1 423 587
73 40 8 3 497 662
60 27 27 3 547 613
26 58 28 6 418 670
96 65 15 2 275 530
77 17 13 5 297 524
9 25 23 1 420 518
24 83 29 4 629 730
34 66 6 7 261 537
18 18 5 2 462 591
87 95 24 6 357 436
37 40 14 3 679 775
58 83 5 5 541 789
45 69 29 2 569 779
3 6 29 3 447 578
42 75 17 2 230 452
18 92 25 6 565 655
98 39 29 3 435 596
12 78 22 4 213 493
49 42 22 6 409 527
26 22 15 4 576 684
100 69 29 5 386 447
71 3 9 5 370 506
90 3 6 6 280 480
47 93 20 2 477 643
75 85 29 7 363 517
71 77 16 4 356 567
66 73 30 2 383 593
64 74 26 6 474 769
22 64 28 3 522 769
36 64 6 6 229 441
56 21 22 3 366 464
27 83 26 2 676 746
58 13 30 3 371 632
31 1 10 6 350 647
76 99 6 1 304 443
12 72 16 4 316 434
48 14 24 4 405 693
45 83 19 1 277 340
48 38 16 6 539 762
24 15 9 2 684 744
29 71 12 2 505 681
69 88 10 6 553 783
57 18 10 6 298 596
21 24 26 4 343 480
26 41 26 3 332 471
100 41 12 3 620 795
49 22 16 5 552 702
51 34 7 3 347 569
30 24 20 1 295 535
62 4 23 4 213 396
69 17 10 3 669 759
73 72 13 4 335 602
63 27 16 7 477 668
5 6 19 7 301 473
18 6 26 2 454 662
38 96 19 7 225 407
29 48 22 2 428 586
78 56 17 5 215 433
10 26 12 3 370 560
16 41 13 7 650 783
92 30 12 3 438 723
83 92 23 3 334 529
37 35 19 4 279 404
42 74 23 7 382 579
25 62 9 7 469 733
88 95 7 6 493 627
69 51 18 3 551 682
74 82 7 5 411 620
28 32 5 4 216 479
43 16 18 3 352 649
47 41 7 4 681 762
5 12 13 1 333 453
86 49 25 7 572 781
28 58 9 1 397 565
25 5 11 6 317 613
7 22 17 2 560 662
46 50 27 7 363 630
2 55 9 6 238 482
23 18 15 5 378 642
86 11 8 4 681 772
65 66 10 3 371 477
93 70 13 3 315 477
76 63 6 3 321 408
45 48 16 7 379 531
54 85 18 2 217 313
31 31 22 6 213 392
54 30 22 3 321 454
70 38 13 2 291 588
21 92 30 4 504 713
89 87 28 6 378 631
46 63 11 5 240 382
11 61 25 1 278 377
2 82 5 4 311 484
94 60 8 4 317 396
9 98 18 3 537 783
15 47 26 4 204 287
28 17 12 1 250 487
51 77 17 7 359 518
44 24 28 7 628 705
100 37 26 3 204 350
27 7 25 7 201 360
67 38 25 2 251 427
93 38 30 2 429 649
77 94 30 1 383 476
23 40 23 1 355 506
56 37 14 4 209 441
23 89 17 5 496 761
97 72 24 4 553 647
97 27 7 6 211 280
90 75 16 2 447 699
50 74 23 1 477 576
34 98 28 6 528 764
62 48 28 7 456 641
64 97 11 2 532 799
46 11 20 7 460 556
76 2 23 5 560 778
66 40 24 2 355 591
43 10 23 1 640 775
92 1 13 6 556 774
57 70 20 6 240 473
90 57 28 4 288 436
78 19 19 2 242 345
99 83 17 5 228 309
4 50 23 7 251 423
84 54 21 3 697 763
8 28 15 3 648 736
36 37 17 6 391 625
35 68 12 7 241 446
21 16 30 7 208 390
90 69 25 3 445 577
59 49 26 4 317 427
20 93 17 4 402 577
46 42 25 3 543 658
95 97 17 4 548 800
15 22 19 3 321 407
75 52 8 5 262 454
24 11 28 2 605 793
39 82 6 2 200 305
40 63 30 5 341 550
20 77 12 3 570 736
6 63 16 6 660 767
89 2 27 5 200 408
5 3 6 5 266 442
72 12 26 3 373 628
6 79 6 5 294 402
1 58 13 5 214 279
96 23 6 5 554 711
31 84 18 4 408 495
1 60 19 5 208 440
15 16 24 6 592 687
53 41 20 4 415 684
33 5 14 4 256 520
64 77 18 7 328 591
40 78 14 7 377 592
73 14 5 2 570 727
87 4 27 7 415 634
41 95 7 5 291 446
99 20 19 4 409 510
48 79 22 6 414 569
17 95 27 5 449 579
76 20 29 3 571 635
66 8 6 6 430 633
0 36 5 3 236 318
63 30 8 1 322 455
13 24 28 5 435 657
83 6 13 2 292 441
54 20 17 2 359 452
81 34 9 3 392 526
38 39 10 5 274 438
34 72 5 7 596 695
94 74 20 1 294 421
0 11 27 3 649 730
84 41 11 4 235 464
91 95 11 2 508 594
86 80 22 1 692 753
54 77 13 2 414 521
49 36 14 5 324 453
14 99 28 3 389 476
76 16 26 7 333 605
35 87 25 1 522 650
99 21 20 3 486 609
51 66 7 3 471 596
38 94 15 5 710 793
31 49 17 6 599 690
57 72 9 4 430 508
87 29 23 4 321 529
93 75 17 6 401 567
89 30 7 1 314 537
21 17 11 3 444 510
4 15 12 5 336 463
83 69 10 3 586 772
53 56 12 4 693 767
95 60 30 3 532 630
18 30 29 1 616 746
61 26 23 1 234 323
23 100 8 4 514 679
48 71 11 2 698 789
49 85 28 4 296 466
67 91 13 5 288 500
24 49 12 6 425 485
49 93 26 7 499 716
86 51 15 3 247 457
38 24 15 2 494 777
80 23 23 3 454 734
100 85 11 3 297 376
72 74 25 6 487 742
68 75 13 1 607 688
23 94 23 5 317 511
86 88 26 2 493 656
77 82 11 6 723 800
59 5 26 5 332 550
17 9 5 1 488 753
82 40 6 5 295 552
92 75 26 5 614 682
22 74 23 1 647 738
37 24 10 7 401 514
94 9 28 2 498 663
66 11 24 7 542 628
64 44 11 2 466 649
80 49 19 1 560 746
8 19 20 4 415 566
26 64 10 3 355 533
50 64 28 5 223 379
40 13 8 1 644 779
28 56 7 5 647 791
21 60 25 5 560 796
78 31 6 6 251 352
20 20 10 5 704 770
0 62 6 2 214 453
62 54 26 2 508 777
85 12 30 3 552 773
89 79 16 4 289 436
77 68 30 6 346 554
50 72 11 7 202 468
32 96 25 6 339 432
3 98 26 7 220 392
47 4 15 5 433 549
15 69 26 4 350 572
20 18 29 1 212 273
5 51 27 5 352 631
68 43 30 3 564 635
88 44 24 3 322 609
73 19 13 2 489 710
20 21 16 2 550 695
50 56 10 7 479 588
42 51 8 1 325 420
90 21 19 6 361 551
60 3 23 5 287 402
47 0 11 1 547 791
16 61 19 1 612 696
30 70 30 5 549 689
34 82 15 6 548 737
10 54 5 5 243 457
34 5 16 4 537 638
45 46 13 6 448 663
55 39 18 5 518 620
15 10 6 6 439 636
41 44 26 2 309 483
11 16 6 5 353 425
21 29 27 1 492 771
58 46 9 2 387 592
20 42 18 1 287 360
54 7 9 7 320 413
96 88 21 5 310 441
63 98 19 7 360 638
4 37 21 1 691 795
91 0 5 6 542 774
91 76 18 4 294 520
90 77 12 3 302 451
53 0 21 4 318 423
11 51 24 2 280 368
90 12 7 1 385 649
94 100 22 5 322 436
62 76 14 4 351 419
0 4 15 5 409 680
35 35 28 4 215 474
25 53 9 3 469 704
63 21 13 1 594 710
52 74 28 5 385 586
99 94 23 4 508 611
57 54 7 1 464 604
44 11 7 6 544 783
98 76 13 4 391 496
47 61 5 3 498 709
84 62 29 1 458 550
61 8 14 5 438 682
42 21 14 3 439 594
56 59 27 5 320 415
17 6 9 6 358 612
44 66 23 6 361 531
52 4 10 1 382 561
44 41 30 4 369 609
100 17 8 3 412 594
20 96 21 6 357 441
75 8 22 5 322 542
51 57 16 4 219 387
36 20 5 4 556 718
91 25 21 4 454 691
71 99 13 2 591 679
96 12 17 1 686 764
76 45 10 4 549 612
35 6 20 3 430 716
49 14 30 4 490 771
84 70 27 1 328 608
15 81 9 6 587 655
11 99 18 7 256 434
68 30 30 7 543 705
74 27 30 3 367 449
85 21 25 4 585 777
50 53 10 4 304 587
76 37 29 2 692 783
53 45 27 4 584 777
35 100 28 1 238 327
12 38 12 7 622 707
68 8 5 5 399 617
13 19 29 5 242 437
3 61 18 1 620 761
64 33 8 1 303 546
9 65 9 5 518 595
69 72 10 7 359 611
20 70 22 4 427 688
2 85 23 4 363 630
16 14 21 7 526 748
7 33 20 7 644 726
21 98 8 4 255 525
6 32 14 4 334 463
5 62 16 4 679 776
42 54 26 6 268 502
16 37 6 3 253 320
76 50 18 4 205 382
6 56 22 4 403 511
72 85 20 6 345 555
51 68 19 2 368 636
79 66 30 7 516 621
70 0 27 6 471 556
8 98 23 7 241 416
85 42 28 5 456 523
35 76 8 4 367 493
43 7 28 2 346 509
23 42 26 3 211 360
30 93 21 3 311 595
39 99 22 3 375 576
45 70 7 5 509 638
22 77 16 2 246 356
86 72 19 3 617 747
96 32 29 5 512 746
32 70 18 2 454 546
88 53 24 3 336 434
10 6 10 4 595 672
37 28 29 3 256 417
64 84 12 1 495 603
33 96 24 5 588 708
76 3 25 4 460 542
33 26 27 4 564 769
68 45 8 4 305 584
48 53 20 6 253 464
83 87 21 5 489 588
74 33 16 4 415 505
64 96 9 5 619 790
21 68 7 1 246 308
46 81 20 5 353 651
99 79 12 2 411 695
40 67 27 5 337 524
71 76 29 6 577 748
64 38 5 7 301 597
4 92 15 7 476 754
26 75 13 5 297 431
63 13 20 3 299 557
2 44 22 4 326 494
33 61 25 4 431 606
60 62 28 4 214 398
72 25 24 3 467 540
19 30 21 4 367 459
56 30 19 1 398 670
57 61 23 7 268 538
78 67 27 5 297 456
40 97 28 7 591 723
87 21 20 4 413 574
59 86 19 4 232 425
81 96 23 7 221 463
10 57 17 5 292 530
42 68 8 3 352 565
11 8 8 7 420 598
67 52 10 3 435 597
94 70 10 1 208 463
23 3 6 5 320 549
37 14 19 1 436 619
59 90 15 1 264 453
58 97 10 1 380 673
22 71 27 6 236 459
91 1 24 5 407 609
14 37 6 4 349 486
74 86 16 5 354 652
98 48 11 3 292 371
20 24 23 2 213 461
37 34 20 6 291 464
14 40 20 3 207 339
21 89 8 5 229 306
4 95 10 5 539 731
90 81 6 6 456 653
57 9 27 7 402 470
98 32 20 4 316 428
42 48 25 3 236 359
81 100 10 5 395 462
41 12 13 1 361 450
27 43 26 7 564 629
11 59 22 4 341 615
71 82 22 1 266 346
34 12 5 2 211 327
38 40 18 3 239 451
34 59 17 5 274 369
43 38 9 4 437 641
46 2 18 2 533 668
53 98 24 4 613 701
14 55 17 3 525 793
73 41 27 5 230 408
41 53 16 2 217 362
71 70 23 4 246 327
62 28 10 7 546 728
33 44 13 7 221 359
19 7 9 6 374 436
100 24 29 4 492 676
49 91 11 3 471 762
24 57 26 1 444 516
62 10 18 5 560 743
81 33 5 2 271 460
35 43 29 3 561 633
14 93 14 1 357 421
29 24 24 1 352 615
88 68 19 2 522 745
15 71 26 3 367 654
60 2 28 6 234 306
32 74 18 5 360 436
40 43 25 1 569 684
62 41 5 1 346 502
9 2 7 5 698 786
50 28 26 5 217 439
65 41 23 1 525 592
31 48 5 5 364 616
90 22 5 3 634 778
20 91 30 5 393 537
31 37 7 1 284 503
65 76 6 6 384 445
27 42 20 1 401 658
17 15 21 7 637 751
62 98 7 7 621 752
80 66 6 7 510 636
50 21 14 5 214 391
37 32 19 1 283 554
85 74 22 4 457 553
9 3 6 2 358 649
92 48 12 1 492 576
77 96 18 6 598 750
47 48 18 3 514 656
83 90 25 7 276 431
81 72 19 6 524 771
52 63 27 4 298 582
76 76 5 4 403 574
80 50 24 5 498 617
83 8 14 5 605 714
10 37 18 5 397 691
32 47 12 7 646 712
64 43 12 2 345 462
6 0 18 3 301 373
94 13 24 1 256 353
44 45 9 3 505 684
44 89 16 1 287 431
89 20 14 2 301 509
37 3 25 1 230 429
84 6 21 1 679 779
28 87 23 2 344 637
59 48 8 7 331 433
3 17 5 3 335 476
90 97 25 6 264 375
42 32 22 7 270 446
62 14 18 5 445 649
29 16 16 1 487 551
84 24 30 1 342 597
91 88 7 1 387 547
39 65 15 2 273 365
30 14 28 1 407 600
2 48 16 1 645 740
58 64 8 2 435 588
62 13 5 6 500 665
25 98 17 6 507 661
70 79 25 2 265 457
62 57 26 3 672 769
82 55 17 2 530 693
22 58 30 1 288 471
83 5 28 3 213 337
43 31 12 1 261 346
44 90 19 4 417 679
79 95 12 6 435 692
81 20 7 2 312 437
6 86 24 4 398 535
82 96 8 5 482 603
59 39 27 4 421 574
55 70 12 6 494 784
64 64 14 3 461 548
6 49 27 3 471 595
36 27 22 4 230 341
8 7 24 2 610 695
68 29 14 5 384 545
17 77 19 5 376 475
59 18 16 3 235 363
42 12 6 6 364 453
41 91 25 1 423 563
54 66 22 1 553 697
37 10 15 7 457 673
19 96 8 2 504 787
87 25 22 3 582 722
60 91 22 4 580 734
81 3 18 2 516 663
49 35 12 3 653 739
4 61 24 3 524 779
22 87 9 2 270 447
14 76 24 7 466 686
96 71 18 2 395 455
97 53 27 5 434 662
43 73 23 5 379 509
90 65 29 2 446 674
74 38 24 6 239 477
57 5 27 3 482 651
92 37 29 2 237 518
89 71 10 4 215 314
87 22 9 3 288 535
62 92 11 6 505 581
100 50 25 3 539 742
11 47 10 6 458 725
37 62 28 6 312 515
77 83 10 6 454 641
55 3 28 7 556 777
24 87 20 5 410 689
92 78 21 5 280 380
45 41 28 5 334 404
23 24 16 2 454 714
70 76 26 7 223 484
32 21 18 3 498 586
74 25 20 1 365 603
70 18 28 1 219 299
22 61 23 3 222 430
19 34 14 6 354 591
95 79 11 6 579 784
73 76 25 3 496 639
28 3 7 5 506 630
21 83 17 7 350 509
31 72 7 1 710 790
6 45 24 5 321 421
78 70 9 5 517 787
33 78 16 2 330 522
25 30 18 7 629 757
70 5 9 1 275 513
0 92 9 4 227 497
6 51 29 2 275 544
17 63 11 5 222 449
51 39 26 2 409 469
26 56 7 7 602 743
59 36 20 6 372 569
20 45 22 7 343 413
48 4 20 4 644 750
80 29 24 5 648 710
40 42 17 1 309 494
11 68 21 2 531 719
77 75 29 5 278 563
92 29 13 6 462 551
2 12 22 5 423 673
44 34 19 5 396 685
64 66 14 7 495 781
50 69 19 2 461 672
60 90 12 3 646 797
14 0 29 4 371 585
12 91 12 6 554 746
4 16 16 7 268 418
50 85 22 4 445 565
40 51 24 3 582 706
12 66 11 3 510 579
80 77 8 1 215 350
27 40 19 2 501 655
13 70 5 1 597 694
64 17 16 7 500 605
49 17 30 2 240 350
37 67 13 1 389 680
65 37 26 4 341 628
83 26 20 2 290 393
80 57 8 2 555 782
90 78 24 7 281 478
69 24 20 2 423 548
52 73 5 2 413 679
98 44 15 2 211 457
16 49 22 1 459 664
51 97 30 4 359 571
73 18 7 3 522 627
93 18 14 4 544 747
21 65 22 1 202 348
31 55 6 4 429 664
82 49 18 3 552 732
42 76 21 6 326 575
77 67 6 6 256 422
4 41 21 5 415 489
87 93 30 1 627 793
84 47 8 7 256 430
63 74 27 5 394 662
96 38 25 3 547 624
79 3 6 3 373 446
68 61 13 3 354 494
39 41 19 2 424 518
95 41 12 7 328 619
57 76 18 2 510 642
86 6 24 1 435 683
99 41 21 7 452 733
93 64 10 7 451 544
74 6 30 1 614 783
37 93 17 5 607 764
41 34 23 2 298 510
39 87 27 5 370 566
67 82 27 1 317 500
33 68 15 6 219 457
100 6 18 1 491 635
31 91 5 7 413 705
66 90 17 1 214 347
25 19 15 4 231 301
100 80 29 6 558 653
0 42 19 2 449 522
1 64 19 2 652 731
13 1 20 4 275 492
0 37 11 4 432 635
16 32 25 5 222 346
87 62 5 1 521 628
88 0 22 5 241 412
52 71 20 1 316 411
91 59 18 4 552 616
30 1 29 3 338 503
59 24 29 7 338 399
30 4 29 7 642 732
46 9 7 3 232 425
95 2 14 7 426 548
52 61 29 5 279 353
39 35 10 5 318 484
61 60 17 6 386 668
22 80 7 7 394 544
25 3 22 7 442 617
79 9 6 7 510 628
48 43 14 1 289 445
14 44 8 4 410 640
21 9 24 4 540 603
50 26 11 4 510 789
6 98 18 7 289 455
62 56 15 3 345 586
5 86 18 2 262 420
50 40 11 4 260 362
75 23 5 4 204 286
45 42 29 6 244 473
16 86 14 1 582 728
48 46 23 6 601 789
81 24 10 6 241 532
71 37 20 4 229 435
11 40 15 7 615 785
31 13 14 2 442 567
98 17 30 7 395 654
80 54 20 6 387 687
66 67 21 6 676 753
2 22 21 2 556 793
71 20 6 3 473 681
92 53 11 5 679 763
32 48 26 3 280 575
96 47 12 2 246 543
47 53 12 3 329 575
53 62 27 6 258 427
16 73 17 3 331 437
66 10 13 6 560 730
10 80 24 1 211 437
94 29 20 3 314 474
26 70 22 1 516 684
79 88 24 6 220 399
17 87 18 3 316 483
79 14 11 3 339 418
57 45 11 4 412 540
96 34 27 2 531 636
55 40 12 1 232 377
35 65 24 4 610 786
79 52 13 3 480 710
79 75 21 3 292 468
56 92 10 6 304 549
12 42 8 5 572 700
2 76 16 5 561 728
5 43 14 5 219 482
63 83 11 2 536 630
58 11 10 1 411 505
87 99 19 5 540 641
59 59 23 4 611 728
81 75 24 7 444 670
80 84 24 6 674 796
92 6 16 1 334 518
41 31 28 6 389 474
99 98 19 5 267 427
6 67 5 4 574 724
97 49 19 2 618 679
47 56 7 1 222 416
18 29 21 6 577 695
45 53 20 3 701 788
53 51 22 6 519 761
54 35 19 3 476 649
27 18 24 6 232 481
58 95 15 1 293 392
59 76 24 2 235 498
60 80 26 1 433 696
57 42 12 7 497 694
6 48 6 2 244 488
68 6 9 3 240 383
48 93 9 7 460 720
65 78 18 6 323 469
2 67 27 5 432 602
68 19 29 4 610 733
35 90 22 5 227 343
62 18 10 7 482 628
30 50 9 7 222 354
0 85 23 3 389 498
24 7 17 5 542 620
95 6 5 3 372 648
46 39 8 2 544 630
66 35 21 4 448 572
0 3 9 1 282 408
32 95 30 5 523 733
55 45 12 4 344 566
61 59 8 4 448 708
61 75 9 5 285 512
54 50 25 1 410 554
100 14 17 2 444 504
14 58 8 2 409 493
22 35 7 5 487 573
82 12 25 4 329 478
31 92 12 2 439 508
15 32 23 2 253 401
58 14 23 7 473 546
79 44 15 6 265 417
80 61 28 6 510 762
79 76 23 6 434 670
38 95 21 2 654 761
67 40 18 1 462 624
76 92 14 4 561 659
96 42 29 6 526 723
31 9 21 3 286 420
3 92 13 6 624 799
76 55 5 4 653 739
3 53 22 2 501 780
46 13 17 3 310 519
71 81 7 4 397 610
6 25 25 7 292 482
94 72 21 6 476 694
40 33 23 4 581 763
15 46 13 3 421 530
51 44 17 4 316 581
48 48 11 2 518 690
28 81 29 1 238 464
65 55 8 3 462 658
87 100 10 2 419 609
17 79 11 7 399 467
8 91 25 7 330 501
34 75 20 1 523 762
44 48 25 6 405 587
100 62 7 1 625 692
26 32 17 7 536 736
46 17 20 2 514 599
30 56 28 6 620 759
59 22 23 3 315 491
0 0 10 7 456 621
93 20 26 1 217 404
32 92 15 5 412 536
11 25 12 5 535 599
95 96 15 2 598 784
20 62 16 4 226 350
16 22 6 7 285 408
37 73 13 6 458 571
28 35 25 3 247 349
71 24 25 2 529 731
34 95 16 1 324 503
23 73 25 6 653 733
19 74 22 6 427 549
97 12 18 1 307 374
69 46 27 1 402 476
73 84 20 5 205 287
100 66 25 1 439 514
36 12 16 1 489 582
2 10 30 1 532 645
92 47 7 2 581 730
0 21 23 7 493 631
69 31 29 1 259 338
58 61 5 6 238 411
36 6 6 2 610 721
4 89 26 5 409 641
33 25 28 1 219 293
53 80 15 1 573 795
19 84 29 2 241 329
2 70 28 2 585 775
86 55 8 4 481 687
67 89 14 6 457 549
5 50 27 7 341 465
91 53 28 6 552 682
68 69 7 7 558 790
31 11 25 2 302 403
72 20 29 7 572 756
21 33 8 7 590 793
11 92 17 4 403 494
56 77 8 4 637 706
25 20 25 1 369 650
56 94 10 7 293 375
91 3 13 6 507 617
56 48 9 3 488 661
75 15 26 2 209 424
34 23 9 3 398 578
37 46 28 7 221 347
72 78 19 1 410 684
50 24 6 7 541 732
73 90 16 3 380 630
77 30 22 7 375 493
71 79 13 3 323 464
69 56 18 3 445 743
61 7 15 5 415 611
6 34 19 2 538 673
71 95 5 1 370 472
11 77 29 1 379 527
22 16 11 5 447 592
77 48 30 4 491 788
53 2 30 4 267 375
74 46 16 4 200 468
85 64 26 6 406 595
42 78 14 5 269 445
16 48 6 3 280 417
90 83 12 7 493 660
98 24 29 7 590 721
78 80 24 1 244 324
64 48 5 7 488 703
27 54 10 5 593 735
38 53 15 5 326 536
44 47 5 3 712 797
12 85 22 1 473 737
24 19 29 4 642 763
10 81 15 1 340 500
35 78 18 7 335 545
97 6 18 1 267 552
89 81 7 2 219 489
5 14 13 1 231 384
82 61 25 4 367 526
73 21 20 1 527 710
29 40 15 4 359 436
89 96 23 1 541 717
14 68 8 1 490 568
70 37 30 3 424 634
94 42 28 2 301 371
73 25 11 2 506 712
85 72 15 3 488 602
75 35 11 7 582 663
77 73 28 7 325 488
57 46 29 7 390 632
37 95 27 3 498 754
56 29 30 4 329 579
95 18 29 4 560 639
17 65 19 4 624 763
84 25 28 7 517 577
39 44 15 7 510 635
19 87 17 6 456 538
81 97 6 1 463 648
0 56 16 1 466 664
46 64 11 3 415 514
19 75 7 4 412 578
33 58 11 6 330 563
65 35 23 5 364 583
73 9 11 5 341 485
38 91 21 7 557 775
29 38 14 6 333 494
66 59 14 4 457 630
33 74 25 1 452 576
95 100 6 6 670 770
79 87 23 5 230 298
11 15 19 7 241 483
55 66 25 7 514 617
23 23 21 6 276 453
37 16 30 3 274 528
24 69 8 4 288 586
7 84 19 4 231 375
25 2 29 5 274 512
7 62 12 1 252 349
23 4 29 7 482 684
21 90 27 7 466 630
97 41 7 1 496 609
3 14 17 7 292 517
71 94 21 7 612 778
98 23 5 4 244 344
11 28 11 5 422 650
42 95 11 2 535 731
75 55 9 6 382 584
98 71 21 3 230 496
61 78 11 7 511 614
55 34 18 2 331 604
36 59 20 3 435 690
96 95 22 7 668 768
36 39 24 7 497 569
82 79 20 5 625 782
49 46 25 5 323 548
74 96 15 4 359 511
38 66 25 2 279 385
10 53 24 4 481 666
69 29 30 4 517 776
51 15 27 1 425 491
53 70 26 7 447 511
84 94 9 5 258 486
20 88 26 3 570 735
63 37 9 6 217 488
62 33 30 5 479 622
4 87 25 7 547 794
95 67 14 1 330 410
55 81 14 5 365 595
25 72 25 5 541 735
4 72 27 7 549 733
11 30 7 5 589 765
42 71 6 6 233 304
82 2 18 2 639 702
54 100 10 2 475 685
37 54 20 1 225 347
47 24 28 2 534 741
42 23 26 5 415 562
89 84 16 3 623 767
69 83 16 4 288 496
54 90 10 7 244 406
58 4 5 6 202 374
26 60 11 2 689 760
44 81 14 7 391 494
84 13 6 4 478 743
3 31 10 3 569 662
67 17 26 5 270 510
11 67 16 4 293 589
96 78 9 7 218 364
99 47 9 5 286 575
6 40 24 1 591 653
49 7 22 7 227 315
20 67 14 6 352 435
82 51 13 5 532 711
81 2 7 3 617 728
38 52 18 5 284 545
85 60 27 1 207 485
31 65 25 1 305 596
44 57 15 2 705 780
100 45 6 7 625 710
71 6 18 3 645 748
49 40 28 2 461 662
46 26 16 3 380 537
56 79 27 3 306 400
5 30 27 4 404 606
52 76 18 1 587 711
22 11 9 1 416 682
36 24 29 6 568 719
7 42 20 3 370 464
73 97 20 5 247 328
27 63 14 6 411 635
61 32 21 3 414 508
27 70 28 3 595 769
62 12 17 3 544 629
0 2 25 7 450 728
88 49 30 7 435 542
74 97 14 1 545 659
27 62 12 5 442 623
58 94 17 6 353 578
55 6 9 4 438 633
14 87 30 3 226 453
96 11 23 5 373 452
37 47 28 5 523 594
80 85 15 2 299 517
50 60 5 2 418 680
78 63 7 1 533 784
65 88 25 2 705 787
40 41 20 1 388 568
60 48 24 4 211 486
21 87 26 5 535 747
87 50 29 7 267 416
52 3 14 4 491 692
95 47 26 1 445 555
60 35 15 1 630 734
45 16 6 7 297 562
11 20 21 7 289 539
43 81 5 4 477 560
39 74 13 4 684 780
45 52 9 5 527 746
94 66 12 5 230 506
67 20 29 2 431 708
35 38 18 2 490 611
28 83 10 5 258 538
64 69 6 6 568 741
73 85 6 1 233 337
15 57 7 7 527 721
10 52 21 1 324 559
7 66 9 5 354 647
45 98 29 2 394 474
45 14 15 7 347 640
22 49 29 4 461 662
82 73 27 1 270 560
46 89 12 3 645 726
15 14 8 1 308 445
19 21 30 2 288 400
25 57 16 7 704 782
65 70 20 5 462 607
32 73 16 5 231 377
43 66 23 3 581 733
12 98 14 6 427 693
13 13 11 4 282 523
89 7 13 7 471 553
15 55 19 7 229 365
60 18 26 5 282 388
41 9 8 6 410 477
38 17 15 2 224 373
68 21 30 3 322 615
19 99 9 4 275 387
79 72 30 7 509 682
77 61 10 5 204 459
49 5 26 1 567 691
53 47 16 7 649 716
84 80 18 6 536 686
88 55 17 1 350 486
66 50 26 1 456 557
47 6 20 6 581 713
42 57 8 4 244 485
52 31 28 6 519 675
46 47 27 6 719 783
42 82 19 5 464 633
69 23 16 2 375 577
9 51 29 3 519 725
38 59 11 6 300 431
56 61 5 7 675 760
94 76 6 2 475 699
35 40 20 1 203 395
0 43 29 5 226 380
78 81 24 1 511 768
9 80 29 7 257 517
93 21 17 6 219 370
41 73 16 3 624 733
89 9 13 1 630 740
37 27 12 1 305 414
39 56 24 4 499 559
6 47 24 4 403 549
59 21 23 6 408 590
0 10 10 3 332 615
22 72 13 6 435 538
50 93 10 2 400 690
20 71 16 4 510 616
80 11 25 3 353 430
57 40 21 7 235 355
43 52 30 3 528 620
97 24 23 4 422 503
17 33 23 6 276 350
62 75 11 6 358 657
52 22 17 1 368 668
16 58 11 6 223 291
93 6 9 6 359 519
22 12 18 2 672 754
17 81 8 7 459 663
95 7 26 2 413 548
14 94 5 2 485 734
51 50 10 1 729 794
81 83 24 1 543 736
77 71 7 2 512 587
92 61 23 5 394 650
21 73 27 1 399 565
84 68 15 5 217 397
43 1 26 6 424 570
96 91 6 3 291 384
75 41 15 1 349 640
48 77 9 1 246 470
85 71 11 3 347 607
49 57 25 7 268 534
59 45 7 1 546 764
49 64 29 4 584 750
56 73 17 1 597 741
14 17 22 2 292 569
82 23 24 1 460 530
65 11 8 3 474 731
79 12 22 4 354 608
70 99 24 2 341 430
82 94 28 5 449 683
28 50 24 1 324 553
76 96 12 2 610 709
48 39 24 3 290 383
20 40 9 2 448 627
91 64 17 5 230 530
29 97 18 7 373 617
100 31 28 1 367 527
67 10 7 2 241 333
82 36 22 2 359 653
99 67 11 4 437 523
30 27 22 5 392 474
42 30 13 3 391 597
72 0 6 2 218 337
43 21 5 7 479 632
62 71 14 1 581 715
31 59 10 2 474 651
86 13 13 7 537 724
48 86 17 4 383 528
86 20 11 7 377 574
1 95 6 2 253 489
58 2 23 3 522 684
14 13 5 7 502 654
84 5 17 7 415 529
6 77 8 4 269 509
93 90 7 7 406 538
34 22 19 7 518 748
20 72 6 1 294 501
32 39 10 6 317 577
10 36 17 3 303 391
20 92 17 5 286 482
25 68 15 7 356 484
45 89 30 7 221 429
44 22 9 2 234 308
1 42 14 6 301 513
57 75 23 7 586 746
53 34 22 7 524 754
58 85 13 7 515 621
91 39 17 5 281 519
24 43 9 6 296 408
60 20 11 2 256 344
81 98 8 6 217 460
87 23 10 5 504 760
2 13 8 2 544 621
81 52 29 1 204 290
42 36 15 7 460 645
40 24 22 5 352 643
57 47 7 7 491 785
67 2 23 7 630 701
54 28 11 6 455 653
81 5 18 7 363 573
43 14 26 1 512 698
89 45 10 6 237 324
72 32 22 5 454 574
50 52 17 4 569 680
82 5 13 6 372 501
89 59 27 1 396 552
84 7 26 2 624 710
61 38 8 2 480 667
25 81 9 3 614 710
69 91 6 6 434 673
29 85 25 5 597 765
63 36 11 3 417 524
22 7 18 5 532 706
72 6 24 6 398 533
24 14 21 2 471 550
80 34 29 5 371 498
53 8 16 6 309 514
65 56 12 7 358 463
28 51 8 5 310 425
23 0 26 6 380 474
22 69 10 1 609 717
98 68 26 7 445 688
42 24 16 2 264 442
1 0 12 7 510 706
93 76 11 2 421 524
34 34 28 4 351 613
76 60 8 2 491 587
90 84 26 7 713 797
98 93 8 7 268 403
10 68 6 6 404 551
12 90 21 7 540 675
94 18 6 1 730 792
90 64 16 6 216 513
7 68 29 7 494 610
87 94 9 4 521 728
59 60 12 2 256 383
99 35 8 1 313 538
47 44 15 7 263 503
98 86 7 2 505 660
85 43 10 3 237 430
96 31 23 7 347 459
10 2 10 6 313 598
8 40 22 1 392 648
39 47 14 1 435 510
13 28 18 4 591 677
86 74 25 2 308 443
97 61 9 6 225 499
79 98 14 2 243 405
73 69 17 6 639 711
81 86 17 6 640 765
2 83 12 4 325 615
88 34 19 6 443 667
92 12 6 1 527 657
64 63 23 7 322 492
14 78 20 5 508 645
14 84 15 2 391 562
8 62 25 1 548 609
45 20 22 5 627 722
78 16 11 6 376 638
62 61 23 3 425 592
44 64 19 6 390 651
15 77 15 7 497 742
16 97 24 6 556 681
52 2 19 5 681 775
7 53 16 1 321 496
60 36 19 2 375 490
0 51 9 2 615 800
75 20 22 1 492 717
83 65 5 6 290 536
0 14 30 2 515 637
48 95 28 6 361 524
86 60 24 4 382 608
97 90 29 4 201 431
22 43 12 3 255 339
27 30 14 1 292 361
70 34 14 2 574 753
30 77 17 7 401 520
53 5 14 7 598 747
66 88 19 7 394 598
92 54 28 3 297 544
42 29 18 5 219 351
32 52 15 5 590 695
82 100 8 1 230 397
16 69 23 1 679 790
62 2 11 1 514 786
13 0 5 1 569 752
4 68 14 7 203 477
88 62 26 4 291 354
83 84 22 3 624 764
90 47 28 5 528 696
100 32 5 4 452 558
23 64 7 1 245 391
12 47 6 3 247 341
82 3 27 7 250 489
0 69 20 6 269 494
0 71 22 1 494 561
63 35 26 5 444 651
2 16 18 4 257 364
100 43 16 1 700 799
26 99 9 4 366 440
73 48 18 4 209 291
96 8 5 3 564 643
75 39 23 5 304 574
80 46 15 5 244 531
61 79 11 3 348 510
21 35 22 7 211 408
22 25 10 2 639 777
41 57 18 2 489 727
35 30 26 1 585 658
55 88 26 6 392 547
49 51 15 7 617 704
64 24 14 5 374 607
9 73 21 7 566 684
64 8 9 4 549 718
54 49 7 6 464 540
38 12 23 2 506 679
45 100 18 2 471 737
47 58 16 4 657 733
54 26 10 7 453 672
18 86 17 6 407 526
1 97 11 2 431 541
18 9 20 7 678 747
5 57 19 3 665 745
96 3 28 6 516 762
6 50 21 5 348 523
32 81 27 3 546 752
27 16 26 4 212 395
37 43 27 3 397 654
28 47 18 5 281 444
33 19 5 1 560 708
59 42 19 5 237 401
62 23 27 2 270 499
73 57 7 2 232 531
85 36 11 2 525 685
44 31 18 2 436 671
53 25 25 2 578 680
15 23 5 6 410 654
82 25 22 3 310 598
20 83 12 2 388 450
62 73 23 4 231 374
87 0 26 5 607 701
72 41 7 1 300 440
4 44 21 7 550 674
90 93 9 2 331 625
19 15 28 1 380 504
3 58 22 2 429 515
90 99 30 1 211 298
44 8 8 3 592 654
78 100 27 4 694 763
92 28 28 3 480 580
61 69 8 6 220 449
82 6 15 4 485 746
28 60 12 2 351 537
73 64 13 5 344 550
39 59 28 3 545 789
85 28 22 5 372 571
20 94 21 6 635 770
54 31 22 4 316 467
51 54 26 1 214 404
91 18 22 1 336 632
57 6 19 2 557 798
6 38 23 5 510 763
14 59 26 1 554 648
41 50 22 5 651 793
8 63 26 5 656 744
29 28 6 1 545 784
4 25 9 2 272 338
78 18 25 2 364 588
0 66 25 7 454 732
7 14 12 4 366 451
27 13 11 6 347 445
9 85 20 3 234 324
53 48 21 3 381 654
88 35 18 2 504 635
38 3 15 7 484 705
7 64 10 2 239 493
52 0 16 6 254 538
62 47 26 2 456 722
18 62 18 6 709 775
64 12 11 7 346 419
31 41 23 1 580 681
79 37 20 3 449 609
49 77 29 6 517 629
85 6 27 4 586 748
74 30 8 4 478 719
84 46 8 1 454 690
77 50 28 5 355 487
9 45 25 4 200 308
53 85 23 4 520 625
46 57 16 4 272 378
85 11 18 4 575 664
45 5 23 1 410 648
11 64 7 1 419 545
42 26 6 3 414 653
100 76 29 5 476 572
0 8 20 6 697 763
97 96 21 6 628 762
40 65 17 7 384 558
47 75 11 3 293 360
0 44 28 2 541 602
64 13 22 4 566 650
39 30 19 3 279 359
52 18 17 5 555 618
52 28 27 6 221 291
61 71 24 5 356 423
40 83 28 7 496 707
68 17 19 2 464 666
78 15 24 7 349 520
81 88 9 5 396 638
69 5 24 7 508 766
90 17 17 4 621 692
58 57 27 7 433 577
76 11 16 7 277 522
47 18 27 2 267 335
72 5 9 5 510 789
24 68 18 4 289 470
81 7 28 5 412 506
5 77 25 2 401 551
21 64 25 5 233 300
34 80 13 4 400 465
47 20 9 6 663 727
85 46 10 3 547 693
0 6 18 5 392 634
28 61 19 4 572 718
18 25 8 3 342 608
8 42 30 3 620 688
95 44 29 2 678 793
97 71 8 3 366 543
63 93 28 1 281 566
39 55 29 5 358 530
66 58 7 1 600 711
7 34 14 2 307 444
26 13 17 4 593 773
77 91 10 1 576 663
33 29 15 7 489 760
86 29 29 6 429 729
99 55 13 4 338 401
28 65 20 3 257 439
25 65 30 2 318 491
95 81 24 2 435 570
57 3 19 6 476 748
70 66 20 6 489 555
15 36 24 7 590 668
25 71 6 1 231 442
29 39 17 5 599 763
52 21 11 1 489 578
90 73 25 6 501 598
54 42 24 5 422 678
76 54 5 1 423 643
81 92 15 3 458 645
30 61 12 6 473 570
63 99 30 1 459 694
16 66 11 2 368 487
14 2 6 7 521 667
28 5 5 2 491 703
23 98 28 3 370 466
5 71 28 7 669 736
63 96 14 2 299 444
29 84 15 7 533 649
90 34 15 3 485 601
10 62 28 6 536 644
54 71 13 3 208 400
57 65 6 5 206 369
65 38 27 1 241 356
30 12 30 2 386 550
23 45 22 3 398 672
62 26 15 7 282 453
68 13 18 3 494 657
14 21 14 1 667 778
8 61 17 1 463 632
85 55 6 2 324 500
72 56 24 5 302 486
72 40 16 4 310 470
51 35 17 4 631 722
63 15 20 6 642 713
11 60 12 5 383 659
55 20 24 3 257 502
16 50 17 1 289 473
4 28 18 5 499 776
76 10 24 4 534 626
57 50 18 6 363 544
32 41 28 6 244 354
11 2 26 3 491 585
53 12 6 1 220 319
89 72 14 2 220 348
99 31 22 2 652 755
46 21 9 2 252 490
32 90 8 5 723 795
76 73 8 1 211 377
72 19 25 2 600 753
11 26 27 5 580 648
21 94 13 3 429 579
27 77 9 4 482 738
87 35 21 4 556 698
68 26 11 3 319 498
65 65 28 4 449 668
30 44 29 7 580 787
57 10 5 5 430 580
77 25 13 1 280 525
33 70 10 5 259 475
25 48 10 5 339 408
83 24 10 5 258 479
27 55 29 4 240 374
71 56 24 3 380 641
9 100 12 1 587 681
69 42 18 2 249 339
18 54 18 3 349 571
5 9 20 3 589 681
23 85 9 2 216 284
70 73 6 7 436 674
42 4 11 4 396 666
52 39 27 7 305 370
12 4 10 1 533 671
60 61 9 1 415 702
14 61 5 4 292 503
58 39 26 7 697 761
81 90 23 4 357 574
58 66 28 1 303 419
9 94 5 7 431 631
46 70 18 2 604 748
60 58 18 5 590 770
20 3 29 7 674 734
52 98 28 1 595 655
2 33 12 3 262 357
96 27 27 1 591 752
48 70 15 5 431 692
40 82 18 1 347 590
34 71 30 6 264 541
13 37 9 3 536 794
8 4 21 6 660 739
81 29 11 3 404 578
88 47 11 1 365 478
50 94 25 6 262 427
7 92 17 6 327 471
6 41 25 1 260 457
3 47 30 5 273 513
88 46 29 6 584 775
57 97 9 2 206 447
47 30 18 7 363 476
49 74 24 5 520 666
32 55 28 6 282 526
62 81 6 5 329 578
11 57 12 5 227 410
50 82 14 3 241 335
21 91 27 1 323 440
38 11 17 2 563 705
5 25 13 3 410 631
28 46 10 3 389 654
88 75 13 4 509 709
31 45 22 5 254 523
7 7 14 3 613 787
86 43 7 5 303 523
8 55 19 7 418 616
88 11 17 2 703 783
96 29 19 2 569 783
37 37 16 2 240 521
47 14 10 7 303 481
39 9 16 2 513 769
52 23 29 3 451 555
81 11 17 3 472 639
95 74 24 3 506 706
19 25 17 5 635 717
54 81 20 7 539 708
13 76 7 6 264 408
57 12 21 7 474 638
39 61 7 7 474 592
27 53 18 6 261 538
76 34 30 5 523 732
94 10 27 6 531 775
38 55 25 4 299 474
16 26 18 4 276 389
18 84 5 2 285 362
66 98 23 4 398 490
80 94 22 3 493 597
67 46 16 6 532 795
77 45 30 3 344 597
53 96 21 3 281 515
36 38 19 4 404 607
49 96 19 6 247 394
80 13 28 1 311 600
45 30 25 4 578 695
6 68 10 4 398 669
82 66 29 3 222 393
89 5 29 3 271 339
74 36 25 7 356 594
61 14 6 6 425 711
84 42 23 2 407 705
59 88 22 7 363 618
56 43 11 2 442 554
30 19 12 4 201 332
52 72 26 5 695 784
95 82 21 3 454 605
6 42 28 3 370 594
8 83 27 7 498 734
59 50 5 3 399 664
19 31 7 1 450 580
86 100 25 4 315 500
100 7 19 4 628 742
31 99 26 7 572 769
67 84 29 2 262 322
64 86 28 1 321 568
22 40 26 5 516 751
7 69 22 3 677 750
90 67 21 2 243 353
91 5 10 5 464 675
50 86 27 2 537 745
41 10 6 4 303 543
11 0 18 7 225 521
85 22 18 7 239 462
58 50 21 1 589 776
83 74 19 2 447 743
16 5 30 3 261 364
0 81 6 7 488 736
45 4 12 6 425 581
54 47 22 5 513 653
23 70 24 6 548 736
59 67 22 1 553 693
46 100 10 4 443 577
60 31 27 2 317 511
87 10 20 4 320 396
89 93 6 5 661 795
13 38 25 4 360 530
54 82 23 4 423 538
14 97 12 4 200 407
35 16 16 4 291 479
93 79 6 2 400 687
81 12 24 4 244 362
68 22 23 1 238 357
59 52 13 6 444 676
13 87 10 1 579 736
82 98 28 1 465 533
